step=0

-0.256526	0.202581	-0.001269	-0.000361	-0.000269	0.000033	-0.000202	-0.428268	0.020281	0.002276	-0.008101	-0.134768	-0.000567	-0.023082	0.005482	-0.088987	-0.000612	0.512090	0.633472	-0.137876	0.008969	
0.004260	-0.003353	0.004737	0.002985	-0.010685	0.005066	0.011616	0.006897	-0.001425	0.150275	-0.486115	0.002925	-0.027079	0.003382	0.310886	-0.011477	0.479528	-0.003303	-0.006933	0.008526	0.642736	
0.000440	-0.001004	-0.200884	-0.114598	0.604773	-0.222179	-0.323020	0.000227	0.000016	0.014247	-0.016433	-0.000082	-0.002822	0.000175	0.099157	0.001446	-0.059193	-0.013219	0.146346	0.625779	-0.006798	
-0.204512	-0.254495	0.001838	-0.001841	0.000650	0.000428	0.000126	0.428026	-0.027405	-0.007074	0.000978	-0.132111	-0.004327	0.174766	-0.007738	-0.101803	-0.004034	-0.494225	0.618675	-0.154430	0.008385	
0.003317	0.004078	-0.011562	0.013302	0.032950	0.016184	-0.018022	-0.007135	-0.004321	-0.440410	0.075912	0.002114	-0.253227	-0.005612	-0.401395	0.013282	-0.399366	0.003101	-0.006852	0.008657	0.642742	
0.000930	0.001868	0.156792	-0.169500	-0.598691	-0.230060	0.316476	-0.000095	-0.000472	-0.032574	-0.000748	-0.000092	-0.097128	0.000166	0.082212	0.001952	-0.068343	-0.013283	0.146345	0.625778	-0.006798	
0.444552	-0.356186	-0.472420	-0.353399	-0.218007	0.268251	-0.171813	0.113222	-0.018356	0.002262	0.008080	0.230471	-0.001081	-0.037905	0.003566	-0.026099	0.000211	0.272277	0.185404	-0.037920	0.002671	
-0.000044	-0.000015	0.000496	0.000416	0.007832	-0.013971	0.005452	-0.018597	-0.466504	-0.007894	0.608939	-0.042576	-0.011582	-0.426954	0.190302	-0.304450	0.240628	-0.071678	-0.003045	0.001301	0.186226	
-0.277437	0.221013	0.280312	0.206981	-0.144925	0.392727	-0.407257	0.380151	-0.038939	0.008155	0.011057	0.431428	-0.004706	-0.050300	0.031870	-0.000120	-0.016475	0.198273	0.045384	0.184676	-0.001853	
0.441442	-0.351835	0.476902	0.354597	0.218242	-0.268681	0.172143	0.113447	-0.002958	-0.002433	0.012827	0.231574	0.000686	-0.023756	0.003210	-0.016273	0.000342	0.274535	0.185437	-0.037883	0.002673	
-0.014667	0.011737	-0.015369	-0.011403	0.000728	-0.005412	0.000005	0.015447	0.473432	-0.020344	0.604295	0.033301	-0.008933	0.430044	0.188318	0.290944	0.252469	0.067710	-0.001001	0.003601	0.186307	
0.275763	-0.218529	0.283265	0.207861	-0.145122	0.392838	-0.408012	-0.379373	0.039596	0.007132	0.009800	-0.431233	-0.004659	0.050587	0.031335	0.000910	-0.011793	-0.205769	0.039440	0.178032	-0.002088	
0.349462	0.438315	-0.349102	0.482829	-0.217312	-0.268920	-0.176744	-0.114047	0.008835	0.014837	0.000398	0.233547	0.000960	0.050898	-0.003583	-0.047149	-0.002059	-0.271336	0.177410	-0.046862	0.002356	
-0.022241	-0.027596	0.022541	-0.030340	-0.017844	-0.022703	-0.006182	0.017603	0.532074	0.603475	0.098063	0.020077	0.053741	-0.358165	-0.158247	-0.294825	-0.237585	-0.067496	-0.002990	0.001384	0.186229	
0.219561	0.273717	-0.208769	0.284993	0.142106	0.386965	0.412643	0.381338	0.026896	0.038576	0.008009	-0.431335	-0.016170	-0.036452	0.022150	-0.002232	-0.031265	0.197199	0.045369	0.184660	-0.001853	
0.355120	0.448144	0.342578	-0.476415	0.216443	0.267750	0.176092	-0.115263	-0.008593	0.005483	0.003623	0.233077	0.000677	0.062709	-0.002572	-0.037167	-0.001788	-0.269152	0.177443	-0.046826	0.002357	
0.010799	0.013337	0.010760	-0.014092	-0.025056	-0.031383	-0.012093	-0.013566	-0.516612	0.614482	0.104639	-0.028346	0.057016	0.354988	-0.159654	0.309754	-0.225287	0.070956	-0.000960	0.003668	0.186310	
-0.222615	-0.279198	-0.204366	0.280543	0.141769	0.386315	0.411603	-0.382559	-0.025805	0.039376	0.009808	0.431774	-0.016100	0.036559	0.021634	0.003839	-0.026512	-0.205266	0.039449	0.178039	-0.002087	
0.000292	0.000696	0.000080	-0.000011	-0.000685	0.000006	0.000574	0.003469	0.045657	-0.003593	-0.000351	-0.007776	0.015644	-0.575337	0.007172	0.785090	0.019209	-0.124746	0.179559	-0.044449	0.002444	
0.000007	0.000035	0.005122	-0.000779	-0.042492	0.000146	0.034921	-0.000067	-0.002560	-0.188575	-0.000482	0.000155	0.876995	0.007789	0.251586	-0.007665	-0.306814	-0.002241	-0.002035	0.002462	0.186267	
0.000002	0.000013	0.001703	-0.000062	-0.014815	0.001661	0.013604	-0.000011	-0.000174	-0.030000	0.020609	-0.000025	0.386518	-0.001586	-0.732799	-0.014139	0.526235	0.003107	0.042525	0.181456	-0.001969	

step=1

-0.257375	0.201541	-0.001275	-0.000351	-0.000264	0.000032	-0.000202	-0.428093	0.021729	0.002144	-0.008156	-0.134774	-0.000384	-0.022154	0.005272	-0.088573	-0.000789	0.523980	0.636055	-0.059601	0.011400	
0.004274	-0.003335	0.004700	0.002940	-0.010309	0.005013	0.011913	0.006905	-0.001345	0.139327	-0.489513	0.002932	-0.019993	0.003229	0.302768	-0.012846	0.484876	-0.003135	-0.005732	0.057547	0.640212	
0.000443	-0.001002	-0.201478	-0.113123	0.603452	-0.221910	-0.325687	0.000236	0.000042	0.013790	-0.017014	-0.000083	0.003414	0.000140	0.100307	0.001535	-0.057858	-0.021453	0.077594	0.635265	-0.056499	
-0.203458	-0.255370	0.001840	-0.001879	0.000668	0.000440	0.000121	0.427818	-0.029514	-0.006971	0.001156	-0.132037	-0.004391	0.176408	-0.007417	-0.100068	-0.004271	-0.482034	0.640035	-0.092645	0.013763	
0.003293	0.004081	-0.012023	0.014078	0.034010	0.016914	-0.018709	-0.007173	-0.004651	-0.434819	0.085409	0.002030	-0.265769	-0.005532	-0.388338	0.014155	-0.408003	0.002867	-0.005744	0.057729	0.640223	
0.000939	0.001894	0.155190	-0.170597	-0.597090	-0.230336	0.318594	-0.000103	-0.000508	-0.033513	-0.000245	-0.000097	-0.097568	0.000133	0.085920	0.001950	-0.066865	-0.021527	0.077595	0.635262	-0.056499	
0.446042	-0.354354	-0.475128	-0.349815	-0.218612	0.268329	-0.170779	0.113170	-0.019086	0.002553	0.007867	0.230388	-0.001015	-0.037685	0.003513	-0.025991	0.000155	0.275676	0.183840	-0.013206	0.003013	
-0.000076	-0.000018	0.000526	0.000430	0.007880	-0.013926	0.004833	-0.019091	-0.464412	0.004969	0.608764	-0.044175	-0.008181	-0.426114	0.186898	-0.309609	0.242823	-0.070883	-0.001370	0.014380	0.185695	
-0.278324	0.219825	0.281875	0.204845	-0.146783	0.392980	-0.406340	0.380080	-0.040746	0.008623	0.010428	0.431355	-0.003056	-0.050357	0.032297	-0.000098	-0.016123	0.195838	0.021686	0.190738	-0.016848	
0.442910	-0.350014	0.479626	0.350975	0.218851	-0.268760	0.171093	0.113408	-0.003759	-0.002352	0.013014	0.231545	0.000729	-0.023567	0.003069	-0.016016	0.000331	0.277912	0.183831	-0.013132	0.003008	
-0.014681	0.011677	-0.015427	-0.011266	0.000761	-0.005339	-0.000569	0.015933	0.471380	-0.008523	0.604374	0.034971	-0.006445	0.429042	0.185231	0.294676	0.256410	0.067113	-0.001948	0.018914	0.185374	
0.276640	-0.217349	0.284839	0.205702	-0.146982	0.393091	-0.407103	-0.379288	0.041417	0.007681	0.009212	-0.431155	-0.002991	0.050619	0.031837	0.000915	-0.011369	-0.208104	0.023286	0.177471	-0.015900	
0.347589	0.439693	-0.345500	0.485483	-0.217906	-0.268872	-0.176089	-0.113953	0.009118	0.015304	-0.000022	0.233541	0.001109	0.050485	-0.003575	-0.047747	-0.002179	-0.267840	0.185991	-0.031058	0.004289	
-0.023016	-0.028808	0.023220	-0.031723	-0.018959	-0.023845	-0.006189	0.019528	0.534071	0.604644	0.085464	0.021228	0.057236	-0.352183	-0.153473	-0.298301	-0.241144	-0.066884	-0.001379	0.014504	0.185699	
0.218313	0.274465	-0.206604	0.286535	0.143801	0.386596	0.412257	0.381557	0.027838	0.040545	0.007627	-0.431252	-0.015223	-0.035894	0.023239	-0.002116	-0.031370	0.194728	0.021693	0.190701	-0.016845	
0.353325	0.449707	0.338968	-0.478938	0.217002	0.267668	0.175435	-0.115240	-0.008408	0.005006	0.003593	0.233036	0.000750	0.062108	-0.002326	-0.037623	-0.001894	-0.265679	0.185983	-0.030986	0.004284	
0.011657	0.014540	0.011545	-0.015371	-0.026207	-0.032575	-0.012131	-0.015347	-0.517416	0.616816	0.091847	-0.029272	0.059573	0.349221	-0.154592	0.314724	-0.227093	0.070153	-0.001953	0.019006	0.185381	
-0.221399	-0.280035	-0.202184	0.281980	0.143460	0.385943	0.411199	-0.382782	-0.026681	0.041384	0.009376	0.431703	-0.015149	0.036015	0.022787	0.003847	-0.026555	-0.207581	0.023283	0.177488	-0.015901	
0.000293	0.000712	0.000084	-0.000011	-0.000729	0.000006	0.000618	0.003567	0.048999	-0.003855	-0.000294	-0.007834	0.014901	-0.583592	0.006728	0.778555	0.021136	-0.122452	0.185379	-0.026289	0.003956	
0.000007	0.000037	0.005403	-0.000794	-0.045256	0.000021	0.037508	-0.000098	-0.002932	-0.198277	0.003960	0.000126	0.883877	0.007989	0.231194	-0.006059	-0.296101	-0.002012	-0.001650	0.016635	0.185551	
0.000002	0.000014	0.001796	-0.000052	-0.015451	0.001922	0.014462	-0.000018	-0.000220	-0.030178	0.022913	-0.000027	0.361303	-0.001348	-0.752763	-0.014513	0.515705	0.000637	0.022454	0.184334	-0.016408	

step=2

-0.258340	0.200341	-0.001282	-0.000340	-0.000259	0.000032	-0.000199	-0.427901	0.023265	0.002033	-0.008205	-0.134788	-0.000255	-0.021207	0.005056	-0.088244	-0.001168	0.437215	0.619079	0.329488	0.000373	
0.004289	-0.003315	0.004668	0.002893	-0.009923	0.004964	0.012218	0.006914	-0.001263	0.130106	-0.492200	0.002937	-0.013878	0.003071	0.293858	-0.014560	0.490319	-0.002968	0.000382	-0.001384	0.642831	
0.000448	-0.001001	-0.202172	-0.111411	0.602014	-0.221644	-0.328514	0.000238	0.000066	0.013307	-0.017552	-0.000080	0.008865	0.000118	0.101305	0.001655	-0.056411	0.045836	-0.326657	0.551747	0.001616	
-0.202246	-0.256366	0.001835	-0.001914	0.000687	0.000448	0.000109	0.427589	-0.031751	-0.006859	0.001306	-0.131964	-0.004480	0.178103	-0.007117	-0.098202	-0.004533	-0.559440	0.478121	0.330203	-0.000260	
0.003267	0.004085	-0.012484	0.014905	0.035119	0.017653	-0.019459	-0.007212	-0.005006	-0.429264	0.093120	0.001954	-0.276290	-0.005439	-0.376641	0.015450	-0.415866	0.002457	0.001138	-0.001436	0.642833	
0.000945	0.001917	0.153359	-0.171854	-0.595371	-0.230616	0.320845	-0.000114	-0.000547	-0.034444	0.000148	-0.000106	-0.099019	0.000116	0.088920	0.002015	-0.064927	0.045756	-0.326669	0.551747	0.001616	
0.447742	-0.352245	-0.478213	-0.345651	-0.219249	0.268412	-0.169679	0.113111	-0.019865	0.002816	0.007651	0.230298	-0.000973	-0.037473	0.003455	-0.025925	0.000022	0.249369	0.196758	0.095400	0.000186	
-0.000106	-0.000024	0.000554	0.000440	0.007927	-0.013882	0.004203	-0.019615	-0.462171	0.015558	0.608366	-0.045885	-0.005684	-0.425190	0.183302	-0.315159	0.244812	-0.069462	-0.009593	-0.000349	0.186249	
-0.279340	0.218464	0.283657	0.202366	-0.148756	0.393240	-0.405358	0.379989	-0.042679	0.009028	0.009813	0.431277	-0.001664	-0.050436	0.032665	-0.000097	-0.015757	0.213469	-0.066355	0.159756	0.000595	
0.444582	-0.347916	0.482732	0.346775	0.219489	-0.268843	0.169977	0.113361	-0.004612	-0.002312	0.013201	0.231510	0.000760	-0.023386	0.002932	-0.015794	0.000247	0.251561	0.197068	0.095398	0.000188	
-0.014706	0.011612	-0.015501	-0.011115	0.000793	-0.005266	-0.001154	0.016447	0.469194	0.000981	0.604207	0.036749	-0.004479	0.427953	0.181877	0.298435	0.260683	0.065943	0.009563	-0.000440	0.186340	
0.277639	-0.215992	0.286634	0.203199	-0.148957	0.393356	-0.406131	-0.379188	0.043366	0.008149	0.008628	-0.431069	-0.001586	0.050679	0.032277	0.000958	-0.010862	-0.186732	-0.122952	0.160040	0.000341	
0.345447	0.441282	-0.341305	0.488496	-0.218547	-0.268820	-0.175377	-0.113855	0.009400	0.015788	-0.000404	0.233532	0.001279	0.050095	-0.003560	-0.048377	-0.002316	-0.289153	0.120595	0.095784	-0.000156	
-0.023805	-0.030094	0.023884	-0.033201	-0.020118	-0.025030	-0.006201	0.021556	0.536172	0.605151	0.075135	0.022470	0.061186	-0.345800	-0.148136	-0.301744	-0.245093	-0.065762	-0.009075	-0.000378	0.186250	
0.216891	0.275336	-0.204084	0.288285	0.145616	0.386206	0.411818	0.381805	0.028856	0.042561	0.007334	-0.431159	-0.014557	-0.035317	0.024226	-0.001971	-0.031437	0.212323	-0.066515	0.159756	0.000595	
0.351243	0.451469	0.334788	-0.481831	0.217604	0.267581	0.174725	-0.115210	-0.008231	0.004494	0.003603	0.232986	0.000778	0.061516	-0.002068	-0.038105	-0.002006	-0.287033	0.120895	0.095783	-0.000155	
0.012537	0.015810	0.012333	-0.016730	-0.027406	-0.033812	-0.012173	-0.017229	-0.518220	0.618565	0.081343	-0.030300	0.062966	0.343041	-0.149039	0.319982	-0.228759	0.068675	0.009942	-0.000468	0.186340	
-0.219997	-0.280983	-0.199662	0.283630	0.145271	0.385554	0.410756	-0.383023	-0.027616	0.043449	0.009035	0.431616	-0.014473	0.035460	0.023837	0.003881	-0.026491	-0.186191	-0.122879	0.160040	0.000342	
0.000293	0.000729	0.000089	-0.000011	-0.000774	0.000007	0.000665	0.003671	0.052587	-0.004136	-0.000245	-0.007855	0.014492	-0.592179	0.006338	0.771551	0.023534	-0.146252	0.140799	0.095688	-0.000057	
0.000007	0.000038	0.005698	-0.000808	-0.048136	-0.000053	0.040310	-0.000130	-0.003344	-0.207975	0.008019	0.000089	0.887278	0.008174	0.217644	-0.004632	-0.288562	-0.001904	-0.000041	-0.000422	0.186292	
0.000002	0.000015	0.001893	-0.000040	-0.016096	0.002223	0.015377	-0.000026	-0.000265	-0.030253	0.025243	-0.000031	0.343372	-0.001178	-0.769414	-0.015480	0.503036	0.020023	-0.093707	0.159916	0.000473	

step=3

-0.259391	0.199020	-0.001279	-0.000327	-0.000253	0.000030	-0.000192	-0.427692	0.024898	0.001936	-0.008249	-0.134790	-0.000161	-0.020244	-0.004870	-0.087998	-0.001502	0.421303	-0.409730	0.575013	-0.084446	
0.004307	-0.003294	0.004639	0.002844	-0.009524	0.004917	0.012532	0.006924	-0.001198	0.122351	-0.494349	0.002937	-0.008587	0.002903	-0.284651	-0.016561	0.495576	-0.002397	-0.024833	0.075676	0.637912	
0.000451	-0.000992	-0.202923	-0.109533	0.600450	-0.221349	-0.331521	0.000244	0.000084	0.012786	-0.018053	-0.000077	0.013960	0.000096	-0.102187	0.001830	-0.054922	-0.076959	0.493774	0.403317	-0.028915	
-0.200912	-0.257446	0.001811	-0.001931	0.000705	0.000461	0.000092	0.427337	-0.034122	-0.006740	0.001434	-0.131910	-0.004586	0.179861	0.006849	-0.096075	-0.004765	-0.568304	-0.411907	0.392231	-0.062981	
0.003239	0.004093	-0.012946	0.015780	0.036290	0.018402	-0.020283	-0.007248	-0.005287	-0.423723	0.099356	0.001894	-0.285461	-0.005324	0.366011	0.017107	-0.423098	0.002549	-0.024838	0.076605	0.637743	
0.000941	0.001924	0.151352	-0.173209	-0.593512	-0.230929	0.323223	-0.000115	-0.000585	-0.035351	0.000441	-0.000102	-0.101207	0.000101	-0.091433	0.002161	-0.062735	-0.077036	0.493773	0.403303	-0.028914	
0.449582	-0.349912	-0.481563	-0.341068	-0.219926	0.268508	-0.168500	0.113043	-0.020700	0.003057	0.007432	0.230197	-0.000947	-0.037272	-0.003411	-0.025915	-0.000091	0.243872	-0.118473	0.189131	-0.027114	
-0.000133	-0.000033	0.000579	0.000447	0.007976	-0.013838	0.003562	-0.020172	-0.459780	0.024109	0.607838	-0.047716	-0.003868	-0.424225	-0.179747	-0.321016	0.246467	-0.068173	-0.007338	0.009462	0.186344	
-0.280440	0.216961	0.285592	0.199638	-0.150863	0.393533	-0.404300	0.379883	-0.044755	0.009384	0.009211	0.431179	-0.000407	-0.050546	-0.033004	-0.000136	-0.015364	0.176466	0.143535	0.153593	-0.012691	
0.446409	-0.345623	0.486068	0.342144	0.220167	-0.268932	0.168771	0.113321	-0.005524	-0.002303	0.013392	0.231477	0.000783	-0.023218	-0.002813	-0.015623	0.000186	0.246034	-0.118469	0.189531	-0.027161	
-0.014741	0.011545	-0.015588	-0.010953	0.000823	-0.005193	-0.001753	0.016991	0.466845	0.008652	0.603912	0.038647	-0.002952	0.426810	-0.178502	0.302193	0.265107	0.065115	-0.007056	0.034088	0.183446	
0.278733	-0.214515	0.288562	0.200440	-0.151063	0.393638	-0.405057	-0.379091	0.045453	0.008542	0.008050	-0.430974	-0.000321	0.050771	-0.032669	0.001070	-0.010343	-0.220905	0.142661	0.080202	-0.004071	
0.343119	0.443055	-0.336651	0.491715	-0.219229	-0.268761	-0.174619	-0.113745	0.009669	0.016296	-0.000752	0.233520	0.001478	0.049737	0.003552	-0.048985	-0.002477	-0.290901	-0.119650	0.090359	-0.015514	
-0.024611	-0.031457	0.024536	-0.034768	-0.021331	-0.026265	-0.006221	0.023688	0.538233	0.605256	0.066739	0.023805	0.065647	-0.339031	0.142513	-0.305128	-0.249209	-0.064722	-0.007338	0.010108	0.186235	
0.215348	0.276312	-0.201288	0.290151	0.147550	0.385777	0.411345	0.382072	0.029952	0.044639	0.007122	-0.431054	-0.014068	-0.034730	-0.025159	-0.001817	-0.031465	0.175295	0.143532	0.153380	-0.012667	
0.348927	0.453338	0.330218	-0.484991	0.218249	0.267485	0.173970	-0.115170	-0.008067	0.003955	0.003645	0.232929	0.000771	0.060942	0.001810	-0.038562	-0.002131	-0.288813	-0.119645	0.090745	-0.015560	
0.013439	0.017148	0.013126	-0.018171	-0.028659	-0.035092	-0.012212	-0.019231	-0.519178	0.619763	0.072772	-0.031456	0.067133	0.336443	0.143255	0.325437	-0.230109	0.067584	-0.007058	0.034552	0.183359	
-0.218445	-0.281990	-0.196908	0.285433	0.147204	0.385126	0.410283	-0.383275	-0.028624	0.045585	0.008775	0.431521	-0.013967	0.034889	-0.024817	0.003966	-0.026401	-0.220347	0.142660	0.080303	-0.004084	
0.000292	0.000747	0.000093	-0.000011	-0.000822	0.000008	0.000716	0.003785	0.056448	-0.004426	-0.000201	-0.007834	0.014295	-0.600992	-0.005985	0.764167	0.026292	-0.150029	-0.119350	0.116380	-0.018578	
0.000006	0.000039	0.006010	-0.000821	-0.051170	-0.000078	0.043370	-0.000157	-0.003743	-0.217864	0.011709	0.000050	0.888688	0.008355	-0.208271	-0.003314	-0.282705	-0.001706	-0.007203	0.021752	0.184861	
0.000002	0.000015	0.001996	-0.000027	-0.016765	0.002563	0.016364	-0.000031	-0.000299	-0.030287	0.027615	-0.000036	0.329804	-0.001069	0.783760	-0.016814	0.489569	-0.015684	0.143118	0.118100	-0.008487	

step=4

-0.260521	0.197579	-0.001286	-0.000321	-0.000244	0.000029	-0.000178	-0.427466	0.026637	0.001845	-0.008290	-0.134790	-0.000090	-0.019270	-0.004680	-0.087790	-0.002046	-0.147751	0.673482	-0.221825	-0.398362	
0.004326	-0.003271	0.004614	0.002794	-0.009109	0.004873	0.012850	0.006933	-0.001161	0.115854	-0.496088	0.002931	-0.003890	0.002709	-0.275395	-0.018705	0.500556	0.012289	0.019525	0.573997	-0.288635	
0.000462	-0.000987	-0.203726	-0.107481	0.598746	-0.221041	-0.334710	0.000246	0.000095	0.012214	-0.018524	-0.000078	0.018974	0.000079	-0.102959	0.001986	-0.053520	0.077037	0.368377	0.222749	0.471148	
-0.199459	-0.258608	0.001774	-0.001933	0.000723	0.000468	0.000070	0.427056	-0.036639	-0.006618	0.001544	-0.131868	-0.004703	0.181654	0.006597	-0.093801	-0.004998	0.729779	0.219567	-0.135185	-0.226332	
0.003211	0.004103	-0.013409	0.016707	0.037538	0.019165	-0.021191	-0.007276	-0.005434	-0.418185	0.104357	0.001855	-0.293765	-0.005167	0.356188	0.018907	-0.429773	0.008373	0.021470	0.573524	-0.289337	
0.000929	0.001920	0.149159	-0.174661	-0.591497	-0.231255	0.325745	-0.000122	-0.000614	-0.036224	0.000636	-0.000105	-0.103971	0.000097	-0.093605	0.002300	-0.060490	0.077105	0.368341	0.222755	0.471162	
0.451583	-0.347386	-0.485138	-0.336027	-0.220644	0.268604	-0.167240	0.112972	-0.021597	0.003279	0.007211	0.230087	-0.000934	-0.037084	-0.003369	-0.025929	-0.000288	-0.150786	0.251026	-0.074946	-0.136613	
-0.000157	-0.000045	0.000603	0.000452	0.008024	-0.013792	0.002914	-0.020764	-0.457227	0.030821	0.607244	-0.049684	-0.002517	-0.423257	-0.176347	-0.327081	0.247860	0.062831	-0.025009	0.172208	-0.072028	
-0.281636	0.215337	0.287657	0.196638	-0.153113	0.393831	-0.403160	0.379763	-0.046989	0.009695	0.008623	0.431066	0.000792	-0.050688	-0.033316	-0.000205	-0.015029	-0.153929	0.197928	0.047151	0.101987	
0.448359	-0.343108	0.489666	0.337085	0.220885	-0.269024	0.167487	0.113274	-0.006500	-0.002319	0.013586	0.231436	0.000805	-0.023060	-0.002696	-0.015469	0.000044	-0.152687	0.252009	-0.075133	-0.136985	
-0.014785	0.011476	-0.015687	-0.010782	0.000850	-0.005119	-0.002362	0.017567	0.464308	0.014855	0.603550	0.040675	-0.001749	0.425635	-0.175244	0.306019	0.269502	-0.054355	0.035646	0.160640	-0.095018	
0.279899	-0.212896	0.290641	0.197427	-0.153309	0.393934	-0.403907	-0.378980	0.047689	0.008870	0.007481	-0.430864	0.000881	0.050896	-0.033031	0.001201	-0.009806	0.198430	0.015664	0.081941	0.171063	
0.340601	0.444994	-0.331533	0.495140	-0.219956	-0.268700	-0.173795	-0.113630	0.009916	0.016831	-0.001069	0.233509	0.001704	0.049402	0.003546	-0.049628	-0.002634	0.323472	0.005707	-0.028121	-0.043638	
-0.025433	-0.032899	0.025173	-0.036429	-0.022603	-0.027551	-0.006244	0.025924	0.540158	0.605137	0.060006	0.025241	0.070572	-0.331862	0.136779	-0.308542	-0.253269	0.060016	-0.023596	0.171883	-0.072544	
0.213681	0.277380	-0.198214	0.292131	0.149613	0.385322	0.410810	0.382367	0.031126	0.046794	0.006981	-0.430943	-0.013683	-0.034123	-0.026054	-0.001651	-0.031546	-0.152857	0.197370	0.047255	0.102198	
0.346383	0.455321	0.325226	-0.488408	0.218938	0.267390	0.173152	-0.115117	-0.007921	0.003389	0.003714	0.232862	0.000739	0.060378	0.001546	-0.039052	-0.002247	0.321635	0.006658	-0.028303	-0.044000	
0.014359	0.018557	0.013918	-0.019697	-0.029972	-0.036417	-0.012242	-0.021367	-0.520396	0.620434	0.065863	-0.032755	0.071928	0.329422	0.137392	0.330959	-0.231177	-0.056281	0.036599	0.160402	-0.095360	
-0.216745	-0.283057	-0.193901	0.287380	0.149273	0.384684	0.409761	-0.383542	-0.029719	0.047795	0.008587	0.431405	-0.013555	0.034297	-0.025762	0.004040	-0.026291	0.197920	0.015928	0.081889	0.170964	
0.000291	0.000766	0.000099	-0.000011	-0.000874	0.000009	0.000770	0.003913	0.060616	-0.004713	-0.000164	-0.007764	0.014225	-0.609972	-0.005640	0.756412	0.029064	0.199472	0.069894	-0.040359	-0.067969	
0.000005	0.000040	0.006342	-0.000834	-0.054395	-0.000067	0.046717	-0.000177	-0.004088	-0.228020	0.015048	0.000008	0.888866	0.008551	-0.201374	-0.002127	-0.277802	0.004494	0.005140	0.166397	-0.083433	
0.000002	0.000016	0.002107	-0.000014	-0.017477	0.002936	0.017436	-0.000035	-0.000316	-0.030303	0.030054	-0.000041	0.318856	-0.000992	0.796433	-0.018256	0.475914	0.016488	0.109818	0.064025	0.135361	

step=5

-0.261772	0.195963	-0.001292	-0.000318	-0.000239	0.000035	-0.000170	-0.427214	0.028494	0.001766	-0.008329	-0.134785	-0.000032	-0.018285	-0.004504	-0.087496	-0.002559	0.391342	-0.041836	0.726115	-0.036739	
0.004348	-0.003245	0.004593	0.002741	-0.008676	0.004832	0.013170	0.006943	-0.001151	0.110425	-0.497513	0.002920	0.000369	0.002508	-0.266181	-0.021168	0.505391	0.002147	-0.013602	0.029334	0.641967	
0.000475	-0.000978	-0.204607	-0.105192	0.596887	-0.220718	-0.338098	0.000244	0.000098	0.011582	-0.018969	-0.000075	0.024041	0.000071	-0.103625	0.002211	-0.052137	0.452901	-0.370727	-0.265836	0.002788	
-0.197830	-0.259891	0.001713	-0.001908	0.000744	0.000474	0.000050	0.426746	-0.039317	-0.006497	0.001639	-0.131840	-0.004827	0.183475	0.006367	-0.091343	-0.005085	-0.321224	-0.648185	0.355020	-0.027635	
0.003182	0.004117	-0.013865	0.017691	0.038868	0.019946	-0.022188	-0.007298	-0.005440	-0.412684	0.108333	0.001828	-0.301440	-0.005008	0.346973	0.021116	-0.435788	0.004840	-0.011326	0.030776	0.642027	
0.000904	0.001896	0.146722	-0.176246	-0.589308	-0.231601	0.328418	-0.000131	-0.000632	-0.037067	0.000735	-0.000101	-0.107230	0.000099	-0.095535	0.002517	-0.058158	0.452850	-0.370771	-0.265863	0.002790	
0.453797	-0.344551	-0.489049	-0.330379	-0.221403	0.268701	-0.165893	0.112900	-0.022565	0.003482	0.006989	0.229971	-0.000931	-0.036913	-0.003338	-0.025922	-0.000489	0.201065	0.062462	0.256080	-0.011767	
-0.000178	-0.000061	0.000624	0.000453	0.008072	-0.013745	0.002260	-0.021397	-0.454497	0.035939	0.606628	-0.051797	-0.001483	-0.422288	-0.173159	-0.333459	0.248871	-0.047032	-0.044506	-0.016325	0.186650	
-0.282963	0.213520	0.289917	0.193278	-0.155511	0.394135	-0.401927	0.379632	-0.049399	0.009957	0.008046	0.430943	0.001971	-0.050862	-0.033612	-0.000262	-0.014715	0.274364	0.014342	-0.002508	-0.001020	
0.450512	-0.340292	0.493591	0.331427	0.221647	-0.269122	0.166117	0.113219	-0.007547	-0.002357	0.013783	0.231391	0.000826	-0.022917	-0.002587	-0.015288	-0.000094	0.202596	0.063766	0.256877	-0.011787	
-0.014841	0.011403	-0.015803	-0.010595	0.000872	-0.005043	-0.002979	0.018178	0.461556	0.019846	0.603161	0.042851	-0.000795	0.424454	-0.172149	0.309803	0.274044	0.047307	0.035802	0.032813	0.185427	
0.281190	-0.211091	0.292912	0.194058	-0.155710	0.394247	-0.402670	-0.378842	0.050089	0.009144	0.006923	-0.430735	0.002058	0.051057	-0.033367	0.001355	-0.009255	-0.011735	-0.229111	-0.151508	0.002634	
0.337813	0.447192	-0.325771	0.498836	-0.220733	-0.268634	-0.172901	-0.113509	0.010135	0.017394	-0.001360	0.233495	0.001946	0.049097	0.003548	-0.050310	-0.002768	-0.184075	-0.265268	0.055505	-0.006846	
-0.026262	-0.034428	0.025777	-0.038194	-0.023941	-0.028885	-0.006263	0.028282	0.541939	0.604886	0.054689	0.026802	0.075813	-0.324272	0.131003	-0.311834	-0.257337	-0.045004	-0.042789	-0.015248	0.186676	
0.211839	0.278599	-0.194755	0.294265	0.151820	0.384835	0.410213	0.382693	0.032379	0.049032	0.006906	-0.430813	-0.013356	-0.033495	-0.026937	-0.001414	-0.031647	0.273469	0.013579	-0.002977	-0.001007	
0.343500	0.457459	0.319673	-0.492191	0.219677	0.267294	0.172269	-0.115057	-0.007801	0.002793	0.003802	0.232784	0.000691	0.059828	0.001283	-0.039578	-0.002332	-0.182591	-0.264005	0.056275	-0.006865	
0.015291	0.020038	0.014699	-0.021317	-0.031351	-0.037787	-0.012259	-0.023645	-0.521890	0.620648	0.060373	-0.034206	0.077128	0.321939	0.131533	0.336675	-0.231734	0.048600	0.036893	0.033507	0.185461	
-0.214828	-0.284209	-0.190560	0.289535	0.151486	0.384223	0.409182	-0.383833	-0.030913	0.050075	0.008460	0.431268	-0.013197	0.033680	-0.026688	0.004108	-0.026164	-0.011310	-0.228750	-0.151285	0.002631	
0.000288	0.000785	0.000104	-0.000011	-0.000929	0.000011	0.000830	0.004060	0.065125	-0.004985	-0.000132	-0.007633	0.014238	-0.619096	-0.005341	0.748271	0.032266	-0.084167	-0.180219	0.107542	-0.008149	
0.000004	0.000041	0.006698	-0.000852	-0.057834	-0.000040	0.050359	-0.000193	-0.004367	-0.238338	0.018061	-0.000035	0.888218	0.008781	-0.196003	-0.000859	-0.273454	-0.000222	-0.004668	0.008077	0.186098	
0.000001	0.000016	0.002226	-0.000000	-0.018241	0.003337	0.018596	-0.000037	-0.000316	-0.030267	0.032584	-0.000046	0.309571	-0.000959	0.807831	-0.019938	0.462336	0.136022	-0.103372	-0.074575	0.000698	

step=6

-0.263119	0.194195	-0.001287	-0.000310	-0.000227	0.000037	-0.000148	-0.426936	0.030477	0.001692	-0.008367	-0.134769	0.000021	-0.017280	-0.004339	-0.086998	-0.003402	0.685537	-0.453640	0.060568	-0.065571	
0.004373	-0.003219	0.004576	0.002686	-0.008223	0.004796	0.013490	0.006954	-0.001176	0.105908	-0.498699	0.002907	0.004232	0.002292	-0.257000	-0.024183	0.509668	0.050101	-0.043245	-0.277463	0.576117	
0.000487	-0.000961	-0.205560	-0.102658	0.594865	-0.220374	-0.341683	0.000239	0.000095	0.010887	-0.019392	-0.000075	0.029202	0.000052	-0.104204	0.002580	-0.051064	-0.061569	-0.055739	0.573748	0.277713	
-0.196049	-0.261271	0.001638	-0.001871	0.000761	0.000475	0.000011	0.426402	-0.042171	-0.006376	0.001723	-0.131830	-0.004955	0.185319	0.006154	-0.088914	-0.005076	-0.266064	-0.754980	-0.069290	-0.065974	
0.003152	0.004135	-0.014309	0.018737	0.040282	0.020751	-0.023270	-0.007312	-0.005293	-0.407300	0.111463	0.001803	-0.308486	-0.004821	0.338256	0.023744	-0.441643	0.052797	-0.042428	-0.277409	0.575899	
0.000873	0.001860	0.144026	-0.177960	-0.586927	-0.231964	0.331257	-0.000134	-0.000632	-0.037908	0.000740	-0.000096	-0.110930	0.000087	-0.097270	0.002877	-0.056043	-0.061633	-0.055760	0.573738	0.277711	
0.456167	-0.341437	-0.493305	-0.324105	-0.222213	0.268798	-0.164461	0.112812	-0.023606	0.003667	0.006767	0.229840	-0.000934	-0.036754	-0.003317	-0.025815	-0.000836	0.315697	-0.094408	0.033521	-0.018952	
-0.000197	-0.000080	0.000644	0.000451	0.008119	-0.013698	0.001604	-0.022070	-0.451558	0.039659	0.606018	-0.054054	-0.000688	-0.421314	-0.170162	-0.340299	0.249313	-0.048351	-0.032470	-0.088887	0.166985	
-0.284383	0.211526	0.292376	0.189547	-0.158079	0.394448	-0.400619	0.379466	-0.051995	0.010174	0.007482	0.430795	0.003139	-0.051072	-0.033896	-0.000215	-0.014573	0.173259	0.044361	0.192351	0.080565	
0.452848	-0.337234	0.497824	0.325124	0.222455	-0.269212	0.164654	0.113167	-0.008666	-0.002421	0.013985	0.231344	0.000851	-0.022783	-0.002485	-0.014999	-0.000367	0.317723	-0.093766	0.033796	-0.018953	
-0.014909	0.011327	-0.015935	-0.010393	0.000889	-0.004963	-0.003604	0.018826	0.458572	0.023846	0.602758	0.045172	-0.000065	0.423247	-0.169253	0.313495	0.278695	0.076332	0.007078	-0.071999	0.166989	
0.282589	-0.209131	0.295357	0.190307	-0.158272	0.394558	-0.401329	-0.378704	0.052659	0.009380	0.006377	-0.430596	0.003217	0.051250	-0.033685	0.001485	-0.008708	-0.208774	-0.076614	0.140221	0.080402	
0.334777	0.449582	-0.319351	0.502823	-0.221557	-0.268573	-0.171927	-0.113383	0.010321	0.017985	-0.001626	0.233480	0.002192	0.048830	0.003559	-0.051142	-0.002866	-0.198669	-0.257292	-0.036664	-0.019168	
-0.027096	-0.036043	0.026338	-0.040067	-0.025346	-0.030267	-0.006274	0.030763	0.543556	0.604597	0.050576	0.028507	0.081176	-0.316185	0.125209	-0.314991	-0.261617	-0.046127	-0.031784	-0.088752	0.166869	
0.209836	0.279924	-0.190902	0.296562	0.154168	0.384329	0.409534	0.383061	0.033709	0.051361	0.006887	-0.430669	-0.013060	-0.032849	-0.027821	-0.001010	-0.031914	0.172024	0.043970	0.192178	0.080558	
0.340339	0.459739	0.313509	-0.496304	0.220462	0.267203	0.171311	-0.114983	-0.007713	0.002164	0.003906	0.232695	0.000633	0.059303	0.001020	-0.040250	-0.002369	-0.196705	-0.256670	-0.036398	-0.019168	
0.016231	0.021592	0.015458	-0.023034	-0.032799	-0.039209	-0.012250	-0.026087	-0.523684	0.620459	0.056105	-0.035812	0.082476	0.313946	0.125648	0.342654	-0.231835	0.077559	0.007447	-0.071999	0.166873	
-0.212734	-0.285437	-0.186856	0.291878	0.153848	0.383750	0.408544	-0.384138	-0.032208	0.052405	0.008388	0.431107	-0.012871	0.033034	-0.027608	0.004122	-0.026047	-0.208201	-0.076434	0.140294	0.080400	
0.000285	0.000805	0.000110	-0.000011	-0.000987	0.000013	0.000893	0.004226	0.070017	-0.005230	-0.000107	-0.007428	0.014285	-0.628404	-0.005041	0.739609	0.036054	-0.066589	-0.215398	-0.018813	-0.019177	
0.000003	0.000042	0.007079	-0.000880	-0.061485	-0.000019	0.054278	-0.000201	-0.004562	-0.248570	0.020747	-0.000081	0.886972	0.009048	-0.191814	0.000596	-0.269606	0.013149	-0.012984	-0.080734	0.166864	
0.000001	0.000017	0.002356	0.000011	-0.019058	0.003763	0.019840	-0.000038	-0.000299	-0.030093	0.035228	-0.000051	0.301590	-0.000913	0.818182	-0.021899	0.448775	-0.011307	-0.014066	0.167327	0.080592	

step=7

-0.264573	0.192255	-0.001288	-0.000308	-0.000217	0.000047	-0.000125	-0.426628	0.032580	0.001638	-0.008406	-0.134739	0.000072	-0.016210	-0.004166	-0.086361	-0.004106	0.517112	0.517804	0.385190	-0.009179	
0.004402	-0.003190	0.004565	0.002627	-0.007748	0.004765	0.013806	0.006967	-0.001232	0.102113	-0.499712	0.002888	0.007671	0.002075	-0.247799	-0.028544	0.513694	-0.002087	-0.008304	0.027874	0.642229	
0.000503	-0.000945	-0.206585	-0.099854	0.592668	-0.219989	-0.345483	0.000227	0.000083	0.010137	-0.019800	-0.000072	0.034433	0.000048	-0.104706	0.002707	-0.049474	-0.048647	-0.351078	0.535571	-0.028003	
-0.194098	-0.262758	0.001545	-0.001808	0.000780	0.000473	-0.000029	0.426023	-0.045193	-0.006286	0.001798	-0.131850	-0.005069	0.187148	0.005948	-0.086453	-0.005862	-0.486692	0.556600	0.320921	-0.007404	
0.003121	0.004158	-0.014735	0.019847	0.041772	0.021578	-0.024428	-0.007326	-0.004993	-0.402098	0.113950	0.001805	-0.314813	-0.004634	0.330003	0.027580	-0.447032	0.000599	-0.008574	0.028059	0.642117	
0.000829	0.001804	0.141047	-0.179807	-0.584338	-0.232368	0.334262	-0.000140	-0.000624	-0.038767	0.000658	-0.000088	-0.115040	0.000089	-0.098802	0.002988	-0.053324	-0.048702	-0.351076	0.535567	-0.028003	
0.458740	-0.338035	-0.497883	-0.317121	-0.223076	0.268892	-0.162926	0.112723	-0.024728	0.003836	0.006546	0.229701	-0.000945	-0.036595	-0.003300	-0.025654	-0.001022	0.273263	0.145291	0.119529	-0.002878	
-0.000214	-0.000101	0.000663	0.000448	0.008164	-0.013647	0.000942	-0.022772	-0.448396	0.042224	0.605413	-0.056493	-0.000107	-0.420297	-0.167339	-0.348045	0.248635	-0.066057	0.000185	0.003876	0.186237	
-0.285923	0.209352	0.295021	0.185395	-0.160826	0.394771	-0.399197	0.379287	-0.054779	0.010338	0.006928	0.430632	0.004278	-0.051311	-0.034171	-0.000219	-0.014083	0.187451	-0.109534	0.168112	-0.008471	
0.455355	-0.333871	0.502401	0.318133	0.223318	-0.269305	0.163088	0.113107	-0.009872	-0.002491	0.014194	0.231291	0.000880	-0.022643	-0.002383	-0.014642	-0.000448	0.275376	0.145208	0.119665	-0.002881	
-0.014989	0.011247	-0.016086	-0.010172	0.000901	-0.004880	-0.004230	0.019498	0.455320	0.027097	0.602355	0.047665	0.000437	0.421990	-0.166547	0.316681	0.284183	0.063790	-0.004916	0.012209	0.186030	
0.284091	-0.206980	0.298002	0.186147	-0.161014	0.394891	-0.399877	-0.378542	0.055420	0.009569	0.005839	-0.430435	0.004351	0.051475	-0.033995	0.001502	-0.008203	-0.215470	-0.093959	0.142319	-0.007759	
0.331473	0.452203	-0.312198	0.507079	-0.222428	-0.268512	-0.170881	-0.113251	0.010458	0.018614	-0.001871	0.233460	0.002438	0.048599	0.003570	-0.052100	-0.003407	-0.269325	0.166265	0.084790	-0.001920	
-0.027928	-0.037748	0.026841	-0.042051	-0.026821	-0.031691	-0.006271	0.033374	0.545003	0.604354	0.047426	0.030361	0.086488	-0.307529	0.119344	-0.317560	-0.266640	-0.063806	0.000008	0.004028	0.186176	
0.207662	0.281382	-0.186615	0.299012	0.156659	0.383785	0.408788	0.383466	0.035139	0.053753	0.006911	-0.430503	-0.012790	-0.032162	-0.028707	-0.000534	-0.031841	0.186136	-0.109484	0.168030	-0.008471	
0.336850	0.462154	0.306678	-0.500780	0.221293	0.267117	0.170287	-0.114897	-0.007676	0.001514	0.004021	0.232591	0.000573	0.058797	0.000752	-0.041041	-0.002821	-0.267272	0.166184	0.084922	-0.001923	
0.017171	0.023220	0.016187	-0.024849	-0.034325	-0.040664	-0.012238	-0.028653	-0.525787	0.619924	0.052806	-0.037615	0.087757	0.305354	0.119680	0.349330	-0.230743	0.064979	-0.005051	0.012292	0.185971	
-0.210430	-0.286738	-0.182759	0.294430	0.156357	0.383255	0.407850	-0.384464	-0.033648	0.054811	0.008359	0.430915	-0.012577	0.032353	-0.028537	0.004001	-0.025969	-0.214854	-0.093987	0.142356	-0.007762	
0.000282	0.000827	0.000117	-0.000012	-0.001046	0.000014	0.000961	0.004410	0.075340	-0.005439	-0.000090	-0.007126	0.014296	-0.637986	-0.004777	0.730247	0.041403	-0.131714	0.160857	0.093621	-0.002134	
0.000001	0.000042	0.007488	-0.000922	-0.065323	-0.000017	0.058452	-0.000210	-0.004660	-0.258465	0.023118	-0.000112	0.885256	0.009319	-0.188798	0.002747	-0.266052	-0.001957	-0.002423	0.007996	0.186075	
0.000001	0.000017	0.002497	0.000020	-0.019921	0.004211	0.021160	-0.000039	-0.000266	-0.029683	0.038012	-0.000053	0.294883	-0.000848	0.827618	-0.024894	0.435370	-0.007429	-0.101928	0.155633	-0.008076	

step=8

-0.266102	0.190181	-0.001296	-0.000312	-0.000207	0.000061	-0.000108	-0.426292	0.034815	0.001601	-0.008449	-0.134700	0.000124	-0.015068	-0.003998	-0.084704	-0.005549	0.526866	0.556232	0.312121	-0.003690	
0.004434	-0.003161	0.004558	0.002564	-0.007249	0.004739	0.014115	0.006984	-0.001318	0.098882	-0.500606	0.002871	0.010670	0.001832	-0.238532	-0.036535	0.517663	-0.000349	0.010094	-0.010895	0.642402	
0.000528	-0.000930	-0.207665	-0.096793	0.590286	-0.219578	-0.349490	0.000217	0.000068	0.009324	-0.020198	-0.000069	0.039718	0.000025	-0.105161	0.003424	-0.048281	-0.012926	-0.305545	0.565246	0.014408	
-0.192012	-0.264320	0.001431	-0.001713	0.000798	0.000468	-0.000065	0.425604	-0.048411	-0.006208	0.001870	-0.131910	-0.005156	0.188966	0.005728	-0.084769	-0.006559	-0.479558	0.573890	0.300000	-0.003748	
0.003093	0.004188	-0.015137	0.021019	0.043328	0.022427	-0.025662	-0.007337	-0.004557	-0.397096	0.115970	0.001797	-0.320377	-0.004389	0.322220	0.034670	-0.451480	0.001387	0.010124	-0.010859	0.642889	
0.000774	0.001728	0.137789	-0.181764	-0.581543	-0.232796	0.337426	-0.000153	-0.000596	-0.039667	0.000497	-0.000082	-0.119534	0.000075	-0.100129	0.003673	-0.050915	-0.012968	-0.305544	0.565246	0.014409	
0.461460	-0.334409	-0.502736	-0.309439	-0.223985	0.268985	-0.161290	0.112632	-0.025934	0.003984	0.006328	0.229548	-0.000966	-0.036431	-0.003287	-0.024972	-0.001526	0.276364	0.159028	0.091942	-0.001062	
-0.000233	-0.000123	0.000683	0.000444	0.008209	-0.013598	0.000283	-0.023509	-0.444973	0.043858	0.604815	-0.059082	0.000275	-0.419228	-0.164633	-0.357925	0.245426	-0.064062	0.004046	-0.003929	0.186122	
-0.287551	0.207036	0.297823	0.180830	-0.163738	0.395100	-0.397660	0.379095	-0.057763	0.010445	0.006381	0.430445	0.005379	-0.051582	-0.034438	0.000319	-0.013873	0.198288	-0.092093	0.166241	0.004187	
0.457977	-0.330266	0.507277	0.310470	0.224228	-0.269399	0.161424	0.113036	-0.011153	-0.002585	0.014410	0.231228	0.000913	-0.022492	-0.002281	-0.013749	-0.000765	0.278436	0.158991	0.091968	-0.001063	
-0.015083	0.011167	-0.016256	-0.009936	0.000904	-0.004790	-0.004858	0.020201	0.451779	0.029777	0.601945	0.050312	0.000726	0.420639	-0.164084	0.318197	0.291961	0.063060	0.001804	-0.002399	0.186099	
0.285661	-0.204677	0.300819	0.181590	-0.163926	0.395241	-0.398322	-0.378352	0.058362	0.009747	0.005312	-0.430246	0.005449	0.051720	-0.034310	0.001273	-0.007646	-0.205598	-0.085007	0.161380	0.004161	
0.327966	0.455007	-0.304329	0.511552	-0.223348	-0.268451	-0.169759	-0.113108	0.010547	0.019268	-0.002099	0.233438	0.002690	0.048426	0.003579	-0.053630	-0.004055	-0.267575	0.168572	0.085392	-0.001092	
-0.028759	-0.039540	0.027278	-0.044143	-0.028362	-0.033154	-0.006251	0.036122	0.546299	0.604194	0.045025	0.032399	0.091656	-0.298204	0.113388	-0.318402	-0.273641	-0.062342	0.004048	-0.003900	0.186383	
0.205357	0.282941	-0.181902	0.301584	0.159296	0.383208	0.407972	0.383899	0.036651	0.056234	0.006969	-0.430316	-0.012553	-0.031454	-0.029607	0.000684	-0.032033	0.196944	-0.092068	0.166227	0.004196	
0.333096	0.464642	0.299200	-0.505581	0.222172	0.267033	0.169189	-0.114800	-0.007694	0.000839	0.004144	0.232471	0.000515	0.058334	0.000473	-0.042393	-0.003308	-0.265554	0.168535	0.085416	-0.001093	
0.018105	0.024910	0.016871	-0.026759	-0.035924	-0.042170	-0.012200	-0.031380	-0.528180	0.619104	0.050271	-0.039585	0.092870	0.296086	0.113527	0.357839	-0.226853	0.063721	0.001825	-0.002383	0.186360	
-0.207958	-0.288071	-0.178279	0.297167	0.159017	0.382738	0.407085	-0.384818	-0.035210	0.057247	0.008359	0.430696	-0.012319	0.031634	-0.029488	0.003695	-0.025839	-0.204984	-0.085018	0.161385	0.004170	
0.000278	0.000850	0.000123	-0.000013	-0.001107	0.000017	0.001032	0.004615	0.081149	-0.005609	-0.000082	-0.006705	0.014209	-0.647890	-0.004461	0.719592	0.051754	-0.132840	0.166196	0.087012	-0.001121	
-0.000000	0.000043	0.007925	-0.000982	-0.069323	-0.000030	0.062867	-0.000219	-0.004652	-0.267910	0.025180	-0.000150	0.883154	0.009533	-0.186962	0.006782	-0.262556	-0.001692	0.002979	-0.003170	0.186378	
-0.000000	0.000017	0.002650	0.000024	-0.020820	0.004688	0.022552	-0.000041	-0.000219	-0.028972	0.040963	-0.000052	0.289458	-0.000670	0.836216	-0.030480	0.421649	0.003085	-0.088694	0.163887	0.003955	

step=9

-0.269900	0.184797	-0.001295	-0.000296	-0.000189	0.000069	-0.000090	-0.425898	0.037176	0.001613	-0.008512	-0.134847	0.000181	-0.013774	-0.003833	-0.075808	0.000893	0.526033	-0.435551	0.468617	0.002017	
0.004514	-0.003083	0.004609	0.002410	-0.006723	0.004727	0.014384	0.007025	-0.001451	0.096115	-0.501448	0.002886	0.013280	0.001412	-0.229109	-0.056078	0.519701	-0.008608	0.005668	0.001985	0.642579	
0.000563	-0.000896	-0.210580	-0.089373	0.587797	-0.219345	-0.353431	0.000217	0.000067	0.008436	-0.020583	-0.000066	0.045029	-0.000084	-0.105587	0.005149	-0.046926	-0.000305	0.470638	0.437843	-0.005498	
-0.186640	-0.268169	0.001243	-0.001573	0.000810	0.000465	-0.000102	0.425185	-0.051828	-0.006212	0.001935	-0.131815	-0.005179	0.190751	0.005389	-0.089186	-0.017717	-0.480412	-0.439901	0.472584	0.002435	
0.003035	0.004292	-0.015050	0.022518	0.044924	0.023248	-0.026953	-0.007379	-0.003859	-0.392256	0.117652	0.001779	-0.325254	-0.003795	0.314855	0.051938	-0.454946	0.008504	0.005460	0.002255	0.643005	
0.000677	0.001610	0.130651	-0.186417	-0.578706	-0.233056	0.340597	-0.000171	-0.000557	-0.040539	0.000238	-0.000073	-0.124361	0.000009	-0.101251	0.005334	-0.048252	-0.000303	0.470637	0.437844	-0.005497	
0.468159	-0.325029	-0.513643	-0.291092	-0.224832	0.269089	-0.159704	0.112472	-0.027218	0.004094	0.006135	0.229355	-0.001000	-0.036254	-0.003260	-0.020559	0.002504	0.276123	-0.125690	0.135318	0.000533	
-0.000255	-0.000146	0.000720	0.000429	0.008267	-0.013561	-0.000351	-0.024253	-0.441166	0.044469	0.604178	-0.061822	0.000421	-0.418150	-0.161788	-0.374377	0.232506	-0.061415	0.001461	0.000782	0.186235	
-0.291642	0.201139	0.304161	0.169950	-0.166601	0.395381	-0.396175	0.378765	-0.060919	0.010441	0.005874	0.430282	0.006425	-0.051918	-0.034673	0.003821	-0.009943	0.201987	0.137265	0.126090	-0.001677	
0.464551	-0.320990	0.518174	0.292069	0.225072	-0.269497	0.159805	0.112910	-0.012487	-0.002704	0.014658	0.231138	0.000949	-0.022299	-0.002172	-0.009082	0.003750	0.277974	-0.125683	0.135311	0.000531	
