step=0

-0.256523	0.202558	-0.001270	-0.000360	-0.000304	0.000013	-0.000260	-0.427882	0.020292	0.002293	-0.008175	-0.134562	-0.000495	-0.014562	-0.004003	0.002000	0.017334	-0.267000	0.124151	0.775646	-0.051264	
0.004259	-0.003348	0.004698	0.003032	-0.010463	0.005279	0.011528	0.006884	-0.001370	0.150310	-0.485669	0.002897	-0.030273	0.001169	-0.241560	-0.517407	-0.031979	0.018978	0.012464	-0.035981	-0.641351	
0.000440	-0.001004	-0.200880	-0.114602	0.604754	-0.222197	-0.323012	0.000227	0.000011	0.014243	-0.016471	-0.000081	-0.002498	0.000225	-0.106397	0.045083	0.005020	0.608544	0.019581	0.206067	0.006705	
-0.204544	-0.254516	0.001844	-0.001843	0.000694	0.000438	0.000197	0.427926	-0.027655	-0.007252	0.001118	-0.132588	-0.003856	0.182743	0.005974	0.008012	-0.195310	-0.050398	0.781861	0.078762	0.012302	
0.003319	0.004074	-0.011528	0.013261	0.032756	0.015997	-0.017945	-0.007128	-0.004364	-0.440442	0.075524	0.002143	-0.250499	-0.003818	0.342179	0.451993	0.027579	0.019898	0.016815	-0.039785	-0.641151	
0.000930	0.001868	0.156796	-0.169505	-0.598715	-0.230084	0.316485	-0.000094	-0.000478	-0.032579	-0.000796	-0.000090	-0.096736	0.000266	-0.090917	0.056427	0.005675	0.608597	0.019760	0.205886	0.006720	
0.444558	-0.356192	-0.472421	-0.353398	-0.218027	0.268241	-0.171845	0.113398	-0.018329	0.002286	0.008035	0.230609	-0.001103	-0.035176	-0.002728	-0.000018	0.028762	-0.104058	-0.045100	0.310660	-0.022684	
-0.000105	-0.000095	0.000487	0.000441	0.007974	-0.013876	0.005442	-0.018121	-0.466969	-0.008210	0.609333	-0.043220	-0.012272	-0.399775	-0.154212	-0.249539	-0.357290	0.006291	-0.002935	-0.008124	-0.185232	
-0.277431	0.221010	0.280312	0.206980	-0.144947	0.392716	-0.407281	0.380256	-0.038900	0.008185	0.011007	0.431557	-0.004682	-0.049860	-0.033296	0.012099	0.040226	0.132817	-0.126641	0.199862	-0.010830	
0.441450	-0.351838	0.476901	0.354597	0.218221	-0.268690	0.172109	0.113608	-0.002914	-0.002398	0.012776	0.231732	0.000633	-0.021959	-0.002389	-0.000681	0.040137	-0.104088	-0.044899	0.310599	-0.022706	
-0.014608	0.011821	-0.015401	-0.011380	0.000817	-0.005285	-0.000078	0.014957	0.473962	-0.019970	0.604370	0.033909	-0.011553	0.400656	-0.152537	-0.289229	0.323968	0.004482	0.009085	-0.011793	-0.186548	
0.275757	-0.218527	0.283266	0.207860	-0.145109	0.392841	-0.407985	-0.379479	0.039555	0.007101	0.009834	-0.431361	-0.004536	0.050138	-0.033215	0.007545	-0.037691	0.219869	0.137887	-0.080321	0.014708	
0.349443	0.438305	-0.349098	0.482829	-0.217288	-0.268914	-0.176705	-0.114108	0.008704	0.014743	0.000474	0.233291	0.001199	0.054663	0.002663	0.004217	-0.102645	0.012172	0.307388	-0.063053	0.011447	
-0.022301	-0.027680	0.022572	-0.030362	-0.017924	-0.022823	-0.006103	0.018097	0.531545	0.603126	0.097992	0.019480	0.056250	-0.328874	0.124774	0.270383	-0.324646	0.006783	-0.000588	-0.010168	-0.185126	
0.219567	0.273716	-0.208768	0.284991	0.142077	0.386947	0.412623	0.381442	0.026937	0.038609	0.007942	-0.431206	-0.016042	-0.035760	-0.025731	0.028106	0.041104	0.132943	-0.126230	0.199440	-0.010794	
0.355103	0.448137	0.342580	-0.476416	0.216466	0.267757	0.176129	-0.115340	-0.008708	0.005400	0.003694	0.232841	0.000883	0.065534	0.001670	0.003560	-0.091352	0.012144	0.307592	-0.063119	0.011425	
0.010860	0.013417	0.010767	-0.014116	-0.025190	-0.031470	-0.012087	-0.014047	-0.516150	0.614797	0.104258	-0.027709	0.057584	0.327490	0.126060	0.230750	0.355790	0.004976	0.011417	-0.013833	-0.186441	
-0.222621	-0.279198	-0.204363	0.280540	0.141775	0.386313	0.411632	-0.382662	-0.025852	0.039340	0.009830	0.431647	-0.015884	0.035986	-0.025640	0.023597	-0.036716	0.219891	0.137979	-0.080405	0.014713	
0.000414	0.000875	0.000055	-0.000013	-0.000721	0.000049	0.000530	0.002291	0.046654	-0.002917	-0.000632	-0.006639	0.013400	-0.643390	-0.006018	-0.041624	0.683483	0.012814	0.329613	-0.076104	0.010725	
0.000006	0.000030	0.005143	-0.000803	-0.042603	0.000038	0.034966	-0.000044	-0.002604	-0.188607	-0.000700	0.000149	0.878826	0.009643	-0.291282	0.263357	0.003564	0.005925	0.005244	-0.011980	-0.185756	
0.000001	0.000017	0.001671	-0.000024	-0.014636	0.001833	0.013532	-0.000017	-0.000126	-0.029967	0.020967	-0.000047	0.383561	-0.002198	0.798737	-0.421618	-0.023718	0.174362	-0.001087	0.066521	0.001389	

step=1

-0.257373	0.201519	-0.001275	-0.000349	-0.000300	0.000013	-0.000260	-0.427716	0.021737	0.002144	-0.008229	-0.134555	-0.000347	-0.014390	-0.003978	0.045991	-0.378747	-0.444892	-0.366715	-0.228199	0.401604	
0.004272	-0.003330	0.004660	0.002989	-0.010086	0.005226	0.011827	0.006897	-0.001281	0.139399	-0.489063	0.002899	-0.021389	0.001118	-0.240682	0.045032	-0.356508	-0.109730	0.180858	0.705790	0.102942	
0.000443	-0.001003	-0.201474	-0.113127	0.603434	-0.221928	-0.325679	0.000235	0.000036	0.013784	-0.017052	-0.000080	0.003551	0.000191	-0.106677	-0.003993	0.032777	-0.015124	-0.508915	0.163795	-0.357970	
-0.203490	-0.255393	0.001846	-0.001881	0.000712	0.000447	0.000188	0.427720	-0.029781	-0.007140	0.001297	-0.132532	-0.004115	0.183714	0.005818	-0.206129	0.312401	-0.716548	0.048643	0.045558	0.011935	
0.003295	0.004077	-0.011988	0.014036	0.033814	0.016728	-0.018635	-0.007171	-0.004700	-0.434883	0.085017	0.002064	-0.264570	-0.003804	0.335029	-0.036669	0.311373	0.166202	-0.241969	0.425831	0.503363	
0.000939	0.001894	0.155194	-0.170603	-0.597114	-0.230360	0.318603	-0.000104	-0.000514	-0.033521	-0.000293	-0.000094	-0.097403	0.000229	-0.093525	-0.004907	0.040004	-0.012239	-0.513337	0.160867	-0.353782	
0.446047	-0.354359	-0.475129	-0.349813	-0.218633	0.268320	-0.170811	0.113341	-0.019057	0.002569	0.007822	0.230534	-0.001031	-0.035216	-0.002774	0.042127	-0.195110	-0.095496	-0.157396	-0.099826	0.164345	
-0.000139	-0.000100	0.000517	0.000455	0.008021	-0.013834	0.004821	-0.018614	-0.464917	0.004654	0.609166	-0.044834	-0.008331	-0.400839	-0.154606	-0.317669	-0.220735	-0.068792	0.109117	0.242110	-0.023942	
-0.278318	0.219823	0.281875	0.204845	-0.146804	0.392969	-0.406363	0.380181	-0.040704	0.008647	0.010378	0.431490	-0.003058	-0.049985	-0.033547	0.045892	-0.129781	0.050191	-0.230928	-0.007527	-0.025460	
0.442918	-0.350017	0.479625	0.350975	0.218830	-0.268768	0.171060	0.113564	-0.003712	-0.002324	0.012963	0.231712	0.000695	-0.021965	-0.002343	0.053505	-0.193935	-0.095396	-0.157551	-0.099929	0.164494	
-0.014620	0.011764	-0.015460	-0.011241	0.000852	-0.005209	-0.000645	0.015446	0.471959	-0.008116	0.604443	0.035587	-0.007742	0.401655	-0.153121	0.363776	-0.150412	-0.062771	0.099854	0.235925	-0.015018	
0.276634	-0.217347	0.284841	0.205701	-0.146970	0.393093	-0.407077	-0.379390	0.041374	0.007655	0.009246	-0.431289	-0.002926	0.050239	-0.033488	-0.047632	0.144242	-0.060768	-0.061267	0.104302	-0.184651	
0.347570	0.439682	-0.345497	0.485482	-0.217882	-0.268868	-0.176052	-0.114010	0.008976	0.015214	0.000055	0.233273	0.001252	0.054048	0.002746	-0.111755	0.173584	-0.241334	0.065590	0.047144	-0.044857	
-0.023077	-0.028895	0.023252	-0.031746	-0.019041	-0.023967	-0.006115	0.020019	0.533493	0.604264	0.085399	0.020623	0.058484	-0.324912	0.123433	-0.360760	0.137486	0.079180	-0.117630	0.091978	0.190789	
0.218319	0.274465	-0.206603	0.286533	0.143772	0.386579	0.412237	0.381657	0.027881	0.040571	0.007560	-0.431116	-0.015179	-0.035287	-0.026450	0.044398	-0.118251	0.054663	-0.237782	-0.012066	-0.018967	
0.353308	0.449699	0.338970	-0.478939	0.217025	0.267673	0.175471	-0.115313	-0.008533	0.004926	0.003665	0.232789	0.000873	0.064796	0.001514	-0.100463	0.174754	-0.241236	0.065439	0.047043	-0.044711	
0.011720	0.014622	0.011552	-0.015395	-0.026341	-0.032659	-0.012122	-0.015829	-0.516915	0.617127	0.091460	-0.028622	0.059669	0.323658	0.124556	0.319857	0.207727	0.085195	-0.126885	0.085799	0.199706	
-0.221405	-0.280035	-0.202181	0.281978	0.143466	0.385940	0.411227	-0.382882	-0.026732	0.041350	0.009397	0.431571	-0.015044	0.035524	-0.026371	-0.049015	0.155465	-0.056149	-0.068345	0.099615	-0.177947	
0.000417	0.000895	0.000059	-0.000013	-0.000762	0.000055	0.000583	0.002404	0.050080	-0.003146	-0.000586	-0.006691	0.013609	-0.645938	-0.005494	0.669162	0.262368	-0.237515	0.059684	0.043159	-0.039047	
0.000006	0.000031	0.005424	-0.000818	-0.045367	-0.000087	0.037552	-0.000078	-0.002981	-0.198327	0.003741	0.000122	0.884657	0.009707	-0.265818	-0.034062	0.178931	0.085229	-0.126918	0.085804	0.199658	
0.000001	0.000018	0.001763	-0.000013	-0.015272	0.002092	0.014393	-0.000021	-0.000166	-0.030117	0.023271	-0.000053	0.360052	-0.001943	0.810677	0.037066	-0.292960	-0.125302	0.037813	0.170166	-0.279247	

step=2

-0.258337	0.200319	-0.001282	-0.000337	-0.000297	0.000014	-0.000256	-0.427534	0.023271	0.002018	-0.008278	-0.134551	-0.000229	-0.014258	-0.004383	0.524887	-0.007056	0.551849	-0.291617	0.022889	0.160461	
0.004288	-0.003310	0.004627	0.002942	-0.009701	0.005173	0.012136	0.006908	-0.001191	0.130211	-0.491744	0.002897	-0.014526	0.001045	-0.239112	0.011167	0.517533	-0.029527	0.004249	0.643895	0.002271	
0.000448	-0.001001	-0.202169	-0.111415	0.601995	-0.221662	-0.328506	0.000240	0.000059	0.013298	-0.017590	-0.000076	0.008926	0.000169	-0.106812	-0.001819	-0.045115	0.329846	0.513427	0.012149	-0.201738	
-0.202278	-0.256389	0.001841	-0.001916	0.000731	0.000455	0.000171	0.427494	-0.032031	-0.007019	0.001450	-0.132473	-0.004321	0.184735	0.006095	-0.479501	0.021737	0.560683	-0.320466	0.018691	0.099862	
0.003269	0.004082	-0.012448	0.014862	0.034923	0.017471	-0.019387	-0.007211	-0.005061	-0.429357	0.092723	0.001993	-0.275733	-0.003765	0.329442	-0.009340	-0.453053	-0.018264	-0.032530	0.638542	-0.074986	
0.000945	0.001916	0.153363	-0.171859	-0.595394	-0.230639	0.320854	-0.000112	-0.000555	-0.034455	0.000101	-0.000101	-0.098946	0.000207	-0.095427	-0.002179	-0.054372	0.329955	0.513071	0.012097	-0.202485	
0.447749	-0.352250	-0.478214	-0.345649	-0.219271	0.268404	-0.169710	0.113277	-0.019836	0.002824	0.007605	0.230454	-0.000980	-0.035286	-0.003045	0.275490	-0.005394	0.159103	-0.081820	0.007025	0.052155	
-0.000169	-0.000108	0.000544	0.000465	0.008067	-0.013796	0.004187	-0.019145	-0.462712	0.015243	0.608777	-0.046551	-0.005671	-0.402024	-0.154823	-0.036399	0.301731	0.034333	-0.138832	0.166219	-0.293554	
-0.279334	0.218462	0.283657	0.202366	-0.148779	0.393229	-0.405380	0.380088	-0.042636	0.009046	0.009762	0.431421	-0.001670	-0.050140	-0.033909	0.200869	-0.018566	0.094238	0.153208	0.004163	-0.049189	
0.444591	-0.347918	0.482732	0.346776	0.219468	-0.268851	0.169945	0.113512	-0.004563	-0.002292	0.013150	0.231687	0.000741	-0.021997	-0.002532	0.276897	-0.006472	0.157626	-0.076994	0.007727	0.062293	
-0.014645	0.011701	-0.015534	-0.011089	0.000885	-0.005135	-0.001224	0.015969	0.469818	0.001419	0.604273	0.037365	-0.005163	0.402752	-0.153535	0.047889	0.237172	-0.054205	0.150298	0.208296	0.313783	
0.277633	-0.215991	0.286635	0.203197	-0.148944	0.393358	-0.406106	-0.379286	0.043320	0.008127	0.008662	-0.431210	-0.001552	0.050378	-0.033530	-0.201674	-0.001115	0.096867	0.144626	0.002914	-0.067218	
0.345427	0.441271	-0.341301	0.488495	-0.218522	-0.268817	-0.175342	-0.113908	0.009248	0.015701	-0.000324	0.233254	0.001363	0.053442	0.003047	-0.265421	0.011940	0.166447	-0.105801	0.003535	0.001782	
-0.023866	-0.030183	0.023916	-0.033224	-0.020202	-0.025154	-0.006134	0.022039	0.535548	0.604742	0.075076	0.021866	0.061846	-0.320734	0.121622	-0.047321	-0.218637	0.040273	-0.158228	0.163396	-0.334298	
0.216897	0.275336	-0.204082	0.288283	0.145587	0.386189	0.411799	0.381902	0.028901	0.042580	0.007266	-0.431015	-0.014540	-0.034808	-0.027226	0.199983	-0.035004	0.094433	0.152571	0.004071	-0.050527	
0.351225	0.451461	0.334791	-0.481833	0.217628	0.267585	0.174759	-0.115279	-0.008364	0.004419	0.003677	0.232728	0.000851	0.064060	0.001569	-0.264030	0.010870	0.164981	-0.101013	0.004232	0.011840	
0.012600	0.015895	0.012341	-0.016754	-0.027538	-0.033890	-0.012160	-0.017705	-0.517683	0.618874	0.080948	-0.029643	0.062928	0.319619	0.122564	0.036848	-0.283131	-0.048155	0.130541	0.205421	0.272282	
-0.220003	-0.280984	-0.199659	0.283627	0.145278	0.385550	0.410784	-0.383120	-0.027670	0.043419	0.009057	0.431477	-0.014421	0.035063	-0.026821	-0.202058	-0.017612	0.097059	0.143998	0.002823	-0.068537	
0.000415	0.000915	0.000065	-0.000013	-0.000803	0.000062	0.000640	0.002536	0.053743	-0.003395	-0.000548	-0.006722	0.013725	-0.648471	-0.004947	-0.179548	-0.061600	0.065384	0.224230	0.051565	0.695035	
0.000006	0.000033	0.005719	-0.000833	-0.048247	-0.000158	0.040352	-0.000111	-0.003398	-0.208041	0.007799	0.000089	0.887634	0.009773	-0.247521	-0.007322	-0.259631	-0.002190	-0.019560	0.183577	-0.043016	
0.000001	0.000018	0.001860	-0.000001	-0.015919	0.002389	0.015311	-0.000026	-0.000204	-0.030167	0.025602	-0.000062	0.342807	-0.001789	0.819336	0.016673	0.415589	0.090549	0.165256	0.005917	-0.023883	

step=3

-0.259387	0.198999	-0.001279	-0.000324	-0.000290	0.000011	-0.000246	-0.427335	0.024902	0.001908	-0.008316	-0.134534	-0.000141	-0.014055	-0.003897	-0.378920	0.412342	0.581920	-0.195969	-0.006987	0.028389	
0.004305	-0.003289	0.004599	0.002893	-0.009310	0.005118	0.012455	0.006924	-0.001120	0.122489	-0.493896	0.002896	-0.008909	0.001044	-0.237273	0.305122	0.235174	-0.011930	-0.095096	0.610934	0.391750	
0.000451	-0.000992	-0.202920	-0.109537	0.600431	-0.221366	-0.331514	0.000244	0.000077	0.012774	-0.018092	-0.000076	0.013992	0.000148	-0.106859	-0.026075	-0.082251	0.238630	0.578928	0.121332	-0.032064	
-0.200944	-0.257470	0.001817	-0.001933	0.000749	0.000465	0.000152	0.427237	-0.034416	-0.006893	0.001575	-0.132431	-0.004486	0.185692	0.005592	0.273107	-0.346464	0.615714	-0.270067	-0.077409	0.069492	
0.003242	0.004089	-0.012911	0.015738	0.036103	0.018226	-0.020216	-0.007252	-0.005347	-0.423843	0.098959	0.001934	-0.285183	-0.003779	0.325027	-0.266171	-0.200554	-0.049928	0.044787	0.049307	0.709231	
0.000941	0.001924	0.151355	-0.173214	-0.593534	-0.230949	0.323231	-0.000116	-0.000593	-0.035366	0.000395	-0.000100	-0.101170	0.000188	-0.096882	-0.030797	-0.086040	0.238315	0.580097	0.116583	-0.029379	
0.449588	-0.349917	-0.481564	-0.341066	-0.219947	0.268500	-0.168530	0.113206	-0.020670	0.003059	0.007389	0.230362	-0.000950	-0.035328	-0.002849	-0.190673	0.211755	0.164660	-0.048185	0.007684	0.002583	
-0.000195	-0.000117	0.000571	0.000473	0.008110	-0.013758	0.003545	-0.019717	-0.460357	0.023796	0.608253	-0.048378	-0.003803	-0.403324	-0.155156	0.035596	-0.084055	0.034275	-0.140794	0.443961	-0.036691	
-0.280433	0.216960	0.285592	0.199638	-0.150885	0.393523	-0.404321	0.379979	-0.044710	0.009397	0.009162	0.431328	-0.000412	-0.050288	-0.033902	-0.139555	0.126807	0.062647	0.181849	0.050961	-0.018477	
0.446418	-0.345625	0.486067	0.342145	0.220146	-0.268939	0.168740	0.113468	-0.005473	-0.002288	0.013343	0.231664	0.000773	-0.021994	-0.002257	-0.186564	0.218628	0.163556	-0.044979	0.001080	0.006295	
-0.014680	0.011635	-0.015621	-0.010928	0.000912	-0.005063	-0.001815	0.016536	0.467512	0.009119	0.603970	0.039258	-0.003350	0.404039	-0.153894	0.281766	0.327492	-0.031828	0.051224	0.048392	0.185599	
0.278726	-0.214514	0.288564	0.200439	-0.151050	0.393640	-0.405033	-0.379188	0.045405	0.008524	0.008082	-0.431123	-0.000302	0.050511	-0.033879	0.128172	-0.171495	0.075914	0.152778	0.023110	-0.002225	
0.343100	0.443043	-0.336647	0.491714	-0.219204	-0.268759	-0.174586	-0.113798	0.009506	0.016211	-0.000674	0.233233	0.001532	0.052785	0.002903	0.150978	-0.207869	0.184855	-0.093952	-0.017574	0.017596	
-0.024672	-0.031546	0.024568	-0.034791	-0.021412	-0.026388	-0.006161	0.024148	0.537567	0.604821	0.066687	0.023207	0.066033	-0.316405	0.119489	-0.270279	-0.317089	0.013836	-0.065612	0.142537	0.133699	
0.215354	0.276312	-0.201287	0.290149	0.147522	0.385761	0.411327	0.382167	0.029999	0.044653	0.007055	-0.430904	-0.014061	-0.034284	-0.027600	-0.149023	0.118909	0.062012	0.184215	0.041266	-0.012996	
0.348909	0.453329	0.330221	-0.484992	0.218272	0.267489	0.174002	-0.115239	-0.008209	0.003883	0.003718	0.232662	0.000817	0.063265	0.001174	0.155056	-0.201059	0.183761	-0.090773	-0.024123	0.021277	
0.013502	0.017233	0.013132	-0.018195	-0.028786	-0.035164	-0.012197	-0.019691	-0.518607	0.620068	0.072373	-0.030803	0.067056	0.315326	0.120412	-0.024418	0.093936	-0.052183	0.126165	-0.252537	0.355711	
-0.218451	-0.281991	-0.196904	0.285430	0.147211	0.385122	0.410309	-0.383371	-0.028681	0.045557	0.008795	0.431374	-0.013938	0.034548	-0.027548	0.118340	-0.179037	0.075260	0.155187	0.013424	0.003250	
0.000413	0.000931	0.000069	-0.000013	-0.000849	0.000068	0.000699	0.002700	0.057673	-0.003660	-0.000516	-0.006728	0.013794	-0.650981	-0.004820	0.436320	0.252296	0.110143	0.123295	-0.467141	0.270245	
0.000005	0.000034	0.006030	-0.000845	-0.051276	-0.000180	0.043409	-0.000143	-0.003800	-0.217946	0.011490	0.000050	0.888864	0.009803	-0.233657	-0.157068	-0.123081	-0.018307	0.028025	-0.052846	0.243512	
0.000000	0.000019	0.001964	0.000011	-0.016596	0.002722	0.016303	-0.000027	-0.000234	-0.030177	0.027970	-0.000068	0.329531	-0.001644	0.825963	0.238308	0.172613	0.085573	0.106979	0.281888	-0.148772	

step=4

-0.260520	0.197554	-0.001287	-0.000317	-0.000279	0.000013	-0.000240	-0.427073	0.026615	0.001791	-0.008345	-0.134511	-0.000052	-0.012558	-0.003111	0.513577	-0.110271	0.128525	-0.138913	0.574925	0.222241	
0.004324	-0.003267	0.004575	0.002842	-0.008907	0.005062	0.012778	0.006943	-0.001083	0.116021	-0.495640	0.002891	-0.004052	0.001156	-0.235214	0.054514	0.401894	0.001151	0.619015	0.035187	0.369110	
0.000462	-0.000987	-0.203723	-0.107485	0.598729	-0.221057	-0.334704	0.000245	0.000088	0.012199	-0.018562	-0.000074	0.018989	0.000117	-0.106846	-0.005297	-0.034914	0.626838	-0.008670	-0.145101	0.000978	
-0.199488	-0.258627	0.001780	-0.001936	0.000763	0.000470	0.000132	0.426916	-0.036924	-0.006747	0.001677	-0.132395	-0.004644	0.185601	0.004877	-0.420833	0.195719	0.113898	-0.309682	0.479107	0.322168	
0.003214	0.004100	-0.013375	0.016665	0.037361	0.019000	-0.021129	-0.007288	-0.005493	-0.418331	0.103965	0.001894	-0.293627	-0.003881	0.321325	-0.048398	-0.353674	-0.039537	0.144010	-0.231335	0.647063	
0.000929	0.001920	0.149163	-0.174665	-0.591517	-0.231275	0.325752	-0.000124	-0.000621	-0.036241	0.000591	-0.000100	-0.103954	0.000160	-0.098072	-0.006165	-0.040392	0.626539	-0.012160	-0.147059	0.003020	
0.451588	-0.347393	-0.485139	-0.336025	-0.220663	0.268597	-0.167274	0.113153	-0.021579	0.003268	0.007175	0.230263	-0.000925	-0.034718	-0.002505	0.263985	-0.068613	0.038964	-0.020217	0.177859	0.052680	
-0.000217	-0.000129	0.000594	0.000477	0.008149	-0.013722	0.002894	-0.020325	-0.457840	0.030520	0.607664	-0.050328	-0.002414	-0.404544	-0.155473	0.092247	0.419916	-0.012480	0.029801	-0.073737	0.194504	
-0.281631	0.215335	0.287657	0.196638	-0.153133	0.393822	-0.403183	0.379873	-0.046950	0.009698	0.008578	0.431223	0.000794	-0.049991	-0.033776	0.186463	-0.070028	0.184465	0.030237	-0.023675	-0.018880	
0.448366	-0.343112	0.489664	0.337087	0.220865	-0.269029	0.167454	0.113442	-0.006460	-0.002317	0.013543	0.231633	0.000808	-0.021337	-0.001837	0.261859	-0.075643	0.039559	-0.013273	0.181756	0.048616	
-0.014727	0.011564	-0.015719	-0.010758	0.000934	-0.004992	-0.002416	0.017136	0.465011	0.015339	0.603599	0.041269	-0.002020	0.405364	-0.154371	-0.035293	-0.001108	0.023145	0.445704	0.159623	-0.048864	
0.279893	-0.212894	0.290643	0.197424	-0.153297	0.393934	-0.403882	-0.379091	0.047647	0.008861	0.007509	-0.431018	0.000886	0.050194	-0.034317	-0.188750	0.054785	0.179127	-0.032084	-0.058643	0.017587	
0.340583	0.444984	-0.331530	0.495138	-0.219934	-0.268700	-0.173760	-0.113704	0.009756	0.016757	-0.000995	0.233215	0.001736	0.051534	0.002634	-0.232226	0.109508	0.029926	-0.125726	0.118659	0.114419	
-0.025491	-0.032986	0.025204	-0.036452	-0.022681	-0.027671	-0.006192	0.026360	0.539455	0.604686	0.059963	0.024660	0.070835	-0.311738	0.117251	0.036834	0.014638	-0.034234	-0.224165	-0.216236	0.343114	
0.213687	0.277379	-0.198213	0.292130	0.149587	0.385308	0.410789	0.382476	0.031166	0.046797	0.006918	-0.430785	-0.013675	-0.033272	-0.027844	0.184136	-0.083040	0.183747	0.021858	-0.028376	-0.013977	
0.346367	0.455314	0.325229	-0.488410	0.218960	0.267392	0.173186	-0.115206	-0.008059	0.003328	0.003783	0.232588	0.000765	0.061862	0.000646	-0.234326	0.102545	0.030515	-0.118845	0.122520	0.110392	
0.014420	0.018641	0.013925	-0.019721	-0.030090	-0.036480	-0.012225	-0.021812	-0.519790	0.620725	0.065462	-0.032120	0.071818	0.310536	0.118014	-0.090144	-0.405838	0.001345	0.191199	0.016822	0.100061	
-0.216750	-0.283056	-0.193897	0.287376	0.149278	0.384679	0.409789	-0.383652	-0.029769	0.047775	0.008603	0.431252	-0.013545	0.033527	-0.028358	-0.190531	0.041563	0.178414	-0.040408	-0.063313	0.022458	
0.000407	0.000948	0.000076	-0.000015	-0.000896	0.000074	0.000767	0.002857	0.061916	-0.003935	-0.000494	-0.006708	0.013817	-0.654445	-0.005034	-0.379318	-0.362646	0.069972	0.341786	0.380977	-0.159149	
0.000005	0.000036	0.006362	-0.000857	-0.054495	-0.000162	0.046753	-0.000169	-0.004145	-0.228116	0.014833	0.000008	0.888955	0.009784	-0.222555	-0.024750	-0.193998	-0.017416	-0.027821	-0.106069	0.228222	
0.000000	0.000019	0.002076	0.000024	-0.017319	0.003084	0.017379	-0.000023	-0.000252	-0.030172	0.030402	-0.000071	0.318722	-0.001411	0.831390	0.048231	0.316571	0.199461	0.205304	0.074554	-0.121322	

step=5

-0.261769	0.195943	-0.001293	-0.000315	-0.000276	0.000017	-0.000223	-0.426888	0.028490	0.001716	-0.008392	-0.134485	0.000017	-0.013674	-0.004136	0.525358	-0.002895	0.555635	-0.315837	-0.054697	0.064711	
0.004346	-0.003241	0.004557	0.002787	-0.008489	0.005006	0.013106	0.006947	-0.001075	0.110625	-0.497075	0.002872	0.000300	0.000966	-0.233010	0.002822	0.522255	0.048471	-0.056409	0.614327	-0.174105	
0.000476	-0.000978	-0.204604	-0.105196	0.596872	-0.220732	-0.338091	0.000244	0.000091	0.011564	-0.019007	-0.000072	0.024048	0.000126	-0.106775	-0.001056	-0.045550	-0.321855	-0.554148	-0.011512	0.049319	
-0.197858	-0.259913	0.001719	-0.001910	0.000785	0.000474	0.000101	0.426643	-0.039627	-0.006624	0.001781	-0.132370	-0.004783	0.187640	0.005741	-0.479325	0.003459	0.562092	-0.324936	-0.074607	0.000159	
0.003185	0.004114	-0.013833	0.017651	0.038704	0.019794	-0.022132	-0.007305	-0.005497	-0.412859	0.107948	0.001874	-0.301381	-0.003717	0.318110	-0.002106	-0.457842	0.048655	-0.056668	0.613760	-0.175943	
0.000904	0.001895	0.146725	-0.176251	-0.589326	-0.231618	0.328425	-0.000133	-0.000639	-0.037087	0.000692	-0.000098	-0.107222	0.000175	-0.099092	-0.001201	-0.051563	-0.321853	-0.554150	-0.011518	0.049301	
0.453802	-0.344556	-0.489050	-0.330377	-0.221424	0.268694	-0.165921	0.113048	-0.022535	0.003473	0.006948	0.230157	-0.000915	-0.035464	-0.003106	0.275540	-0.001609	0.160358	-0.090591	-0.013795	0.025421	
-0.000235	-0.000141	0.000617	0.000477	0.008188	-0.013685	0.002240	-0.021002	-0.455137	0.035666	0.607047	-0.052419	-0.001339	-0.406437	-0.155982	-0.038923	0.273725	0.046639	-0.062278	0.077532	-0.376290	
-0.282957	0.213519	0.289917	0.193278	-0.155532	0.394127	-0.401946	0.379720	-0.049351	0.009961	0.007998	0.431105	0.001975	-0.050664	-0.034321	0.201033	-0.014482	-0.094370	-0.159050	0.000042	0.025244	
0.450520	-0.340294	0.493590	0.331428	0.221626	-0.269128	0.166089	0.113355	-0.007495	-0.002354	0.013735	0.231597	0.000836	-0.022016	-0.002356	0.276889	-0.001675	0.159269	-0.089056	-0.010436	0.036310	
-0.014785	0.011487	-0.015834	-0.010572	0.000950	-0.004922	-0.003026	0.017787	0.462284	0.020334	0.603200	0.043415	-0.001009	0.407047	-0.154845	0.041741	0.269827	-0.018577	0.029628	0.278633	0.275694	
0.281184	-0.211090	0.292914	0.194057	-0.155696	0.394249	-0.402648	-0.378932	0.050038	0.009134	0.006956	-0.430896	0.002057	0.050865	-0.034065	-0.201501	-0.005399	-0.092181	-0.162135	-0.006708	0.003361	
0.337795	0.447180	-0.325767	0.498835	-0.220710	-0.268635	-0.172872	-0.113561	0.009957	0.017321	-0.001280	0.233197	0.001971	0.051448	0.003233	-0.265378	0.001932	0.166162	-0.098770	-0.031693	-0.032607	
-0.026317	-0.034512	0.025806	-0.038215	-0.024012	-0.029000	-0.006218	0.028678	0.541209	0.604432	0.054657	0.026250	0.076024	-0.307014	0.114814	-0.041480	-0.251121	0.046657	-0.062303	0.077478	-0.376465	
0.211845	0.278599	-0.194754	0.294264	0.151794	0.384821	0.410196	0.382781	0.032428	0.049034	0.006840	-0.430650	-0.013349	-0.033163	-0.028760	0.200384	-0.031853	-0.094363	-0.159059	0.000021	0.025178	
0.343484	0.457450	0.319676	-0.492193	0.219699	0.267295	0.172297	-0.115123	-0.007956	0.002732	0.003877	0.232505	0.000710	0.061628	0.000978	-0.264046	0.001866	0.165083	-0.097250	-0.028366	-0.021820	
0.015349	0.020118	0.014704	-0.021340	-0.031461	-0.037841	-0.012242	-0.024045	-0.521258	0.620910	0.059973	-0.033594	0.076981	0.305951	0.115599	0.039079	-0.255031	-0.018474	0.029482	0.278315	0.274665	
-0.214834	-0.284210	-0.190556	0.289532	0.151493	0.384219	0.409206	-0.383922	-0.030972	0.050053	0.008480	0.431109	-0.013196	0.033444	-0.028485	-0.201624	-0.022826	-0.092177	-0.162140	-0.006720	0.003323	
0.000398	0.000957	0.000082	-0.000014	-0.000948	0.000078	0.000828	0.003127	0.066458	-0.004238	-0.000465	-0.006643	0.013847	-0.655886	-0.004288	-0.181849	-0.002459	0.093172	0.004091	0.193380	0.697096	
0.000004	0.000036	0.006716	-0.000875	-0.057926	-0.000128	0.050391	-0.000182	-0.004424	-0.238449	0.017851	-0.000030	0.888260	0.009946	-0.213232	-0.002887	-0.259665	0.015271	-0.018073	0.174258	-0.062697	
-0.000000	0.000019	0.002198	0.000036	-0.018096	0.003473	0.018546	-0.000031	-0.000253	-0.030111	0.032923	-0.000082	0.309515	-0.001518	0.836002	0.009499	0.409661	-0.093400	-0.160417	-0.002949	0.015547	

step=6

-0.263116	0.194176	-0.001287	-0.000305	-0.000261	0.000024	-0.000198	-0.426632	0.030468	0.001640	-0.008422	-0.134447	0.000084	-0.013500	-0.003782	-0.406057	0.352730	-0.000805	0.613449	0.160382	0.020766	
0.004371	-0.003214	0.004543	0.002728	-0.008059	0.004948	0.013434	0.006963	-0.001106	0.106139	-0.498276	0.002861	0.004222	0.000968	-0.230659	0.284211	0.306015	-0.052844	0.119707	-0.331586	-0.620770	
0.000487	-0.000962	-0.205557	-0.102661	0.594851	-0.220387	-0.341677	0.000237	0.000087	0.010869	-0.019428	-0.000070	0.029202	0.000113	-0.106658	-0.024233	-0.012479	0.643030	-0.006229	-0.005116	-0.031991	
-0.196076	-0.261292	0.001644	-0.001875	0.000798	0.000473	0.000061	0.426293	-0.042483	-0.006488	0.001859	-0.132361	-0.004920	0.188620	0.005400	0.304804	-0.358975	0.013176	0.646225	0.129273	0.016903	
0.003154	0.004132	-0.014280	0.018700	0.040138	0.020618	-0.023223	-0.007321	-0.005345	-0.407502	0.111090	0.001851	-0.308480	-0.003717	0.315277	-0.248476	-0.257241	-0.013187	-0.057373	0.241835	-0.658728	
0.000873	0.001860	0.144029	-0.177964	-0.586942	-0.231979	0.331263	-0.000136	-0.000640	-0.037929	0.000699	-0.000092	-0.110929	0.000163	-0.099988	-0.026806	-0.015331	0.643228	-0.007103	-0.002280	-0.032179	
0.456173	-0.341441	-0.493306	-0.324103	-0.222232	0.268793	-0.164488	0.112953	-0.023578	0.003656	0.006730	0.230036	-0.000911	-0.035562	-0.002992	-0.205314	0.189030	-0.001976	0.174047	0.049490	0.006535	
-0.000250	-0.000157	0.000638	0.000474	0.008221	-0.013651	0.001586	-0.021722	-0.452222	0.039424	0.606433	-0.054635	-0.000502	-0.408261	-0.156582	0.036024	-0.027678	-0.028467	0.149670	-0.424090	-0.161688	
-0.284377	0.211526	0.292376	0.189548	-0.158098	0.394441	-0.400638	0.379551	-0.051946	0.010174	0.007437	0.430964	0.003146	-0.050898	-0.034341	-0.150148	0.138182	0.183508	-0.007921	0.003494	-0.008430	
0.452856	-0.337235	0.497822	0.325126	0.222436	-0.269217	0.164627	0.113296	-0.008614	-0.002421	0.013941	0.231558	0.000868	-0.022044	-0.002159	-0.201580	0.195230	-0.001699	0.170932	0.058098	0.006082	
-0.014858	0.011407	-0.015964	-0.010371	0.000957	-0.004852	-0.003644	0.018486	0.459317	0.024325	0.602785	0.045696	-0.000261	0.408856	-0.155440	0.259473	0.343288	-0.011904	-0.036759	0.090967	-0.188786	
0.282584	-0.209130	0.295359	0.190304	-0.158260	0.394558	-0.401309	-0.378790	0.052607	0.009372	0.006407	-0.430763	0.003211	0.051090	-0.034330	0.139570	-0.141587	0.188931	0.005486	-0.010273	-0.009859	
0.334760	0.449570	-0.319347	0.502821	-0.221536	-0.268575	-0.171900	-0.113437	0.010139	0.017919	-0.001548	0.233179	0.002213	0.050776	0.003165	0.166645	-0.206153	0.004873	0.198735	0.013106	0.005505	
-0.027147	-0.036123	0.026365	-0.040087	-0.025409	-0.030373	-0.006236	0.031107	0.542810	0.604152	0.050556	0.027994	0.081371	-0.301936	0.112285	-0.248831	-0.328703	-0.007218	0.054638	-0.116473	-0.182042	
0.209842	0.279924	-0.190901	0.296561	0.154145	0.384318	0.409518	0.383144	0.033759	0.051358	0.006824	-0.430500	-0.013052	-0.032571	-0.029165	-0.159338	0.127634	0.184231	-0.011092	0.013806	-0.009116	
0.340323	0.459729	0.313511	-0.496306	0.220482	0.267203	0.171338	-0.115049	-0.007872	0.002108	0.003977	0.232413	0.000648	0.060794	0.000637	0.170343	-0.200018	0.005147	0.195650	0.021627	0.005057	
0.016285	0.021669	0.015463	-0.023056	-0.032896	-0.039250	-0.012235	-0.026439	-0.523029	0.620683	0.055710	-0.035240	0.082288	0.300793	0.113063	-0.025679	0.041765	0.009324	-0.131541	0.397897	-0.209104	
-0.212739	-0.285438	-0.186853	0.291875	0.153854	0.383745	0.408567	-0.384223	-0.032268	0.052385	0.008406	0.430943	-0.012878	0.032848	-0.029141	0.129962	-0.151794	0.189648	0.002286	0.000091	-0.010545	
0.000386	0.000967	0.000088	-0.000016	-0.001003	0.000083	0.000897	0.003405	0.071383	-0.004532	-0.000451	-0.006533	0.013869	-0.658236	-0.004237	0.419290	0.202503	0.023379	-0.008477	0.585921	-0.024663	
0.000002	0.000037	0.007096	-0.000901	-0.061565	-0.000094	0.054305	-0.000194	-0.004616	-0.248695	0.020545	-0.000074	0.886983	0.010033	-0.205310	-0.144294	-0.153318	0.000981	-0.036111	0.134722	-0.195302	
-0.000001	0.000020	0.002330	0.000044	-0.018931	0.003880	0.019797	-0.000028	-0.000241	-0.029915	0.035553	-0.000086	0.301583	-0.001422	0.840034	0.216070	0.242418	0.169281	0.073759	-0.246698	0.007003	

step=7

-0.264570	0.192234	-0.001289	-0.000302	-0.000248	0.000035	-0.000178	-0.426318	0.032540	0.001568	-0.008446	-0.134390	0.000160	-0.012624	-0.003345	0.509709	0.137436	0.638707	-0.042374	0.023365	0.054377	
0.004399	-0.003187	0.004536	0.002665	-0.007616	0.004888	0.013760	0.006984	-0.001175	0.102370	-0.499312	0.002846	0.007695	0.001042	-0.228105	0.080714	-0.308198	-0.054790	0.068910	-0.082559	0.756083	
0.000504	-0.000945	-0.206582	-0.099858	0.592657	-0.220000	-0.345480	0.000224	0.000077	0.010115	-0.019834	-0.000069	0.034431	0.000093	-0.106511	-0.007670	0.026720	0.047396	0.637614	0.023712	-0.072069	
-0.194122	-0.262773	0.001550	-0.001812	0.000813	0.000468	0.000020	0.425880	-0.045479	-0.006366	0.001922	-0.132378	-0.005055	0.189015	0.005021	-0.417151	-0.243528	0.646680	-0.041475	-0.055965	-0.010251	
0.003124	0.004156	-0.014710	0.019813	0.041656	0.021470	-0.024388	-0.007343	-0.005034	-0.402322	0.113598	0.001845	-0.314836	-0.003772	0.312785	-0.071421	0.272522	0.005761	0.075739	-0.685008	0.265289	
0.000830	0.001804	0.141050	-0.179811	-0.584350	-0.232380	0.334266	-0.000143	-0.000629	-0.038791	0.000621	-0.000085	-0.115043	0.000143	-0.100758	-0.008295	0.028868	0.047623	0.637640	0.021452	-0.073910	
0.458745	-0.338041	-0.497884	-0.317118	-0.223093	0.268888	-0.162954	0.112870	-0.024714	0.003814	0.006516	0.229908	-0.000910	-0.035323	-0.002845	0.261579	0.085932	0.184160	-0.012386	0.016111	0.023368	
-0.000263	-0.000172	0.000658	0.000470	0.008248	-0.013617	0.000924	-0.022476	-0.449077	0.042033	0.605821	-0.057005	0.000102	-0.410171	-0.157204	0.109713	-0.431080	-0.006737	0.021001	-0.114874	0.145023	
-0.285918	0.209350	0.295020	0.185396	-0.160842	0.394766	-0.399216	0.379378	-0.054739	0.010329	0.006888	0.430806	0.004293	-0.050919	-0.034341	0.183768	0.083108	0.012201	0.184609	0.022144	-0.008444	
0.455361	-0.333874	0.502400	0.318136	0.223301	-0.269308	0.163060	0.113243	-0.009834	-0.002503	0.014157	0.231515	0.000909	-0.021723	-0.001926	0.259317	0.094979	0.183606	-0.012448	0.021626	0.027860	
-0.014944	0.011320	-0.016111	-0.010155	0.000955	-0.004782	-0.004260	0.019220	0.456069	0.027557	0.602364	0.048126	0.000254	0.410821	-0.156194	-0.025557	0.109805	-0.039871	0.017265	0.214789	0.413588	
0.284086	-0.206978	0.298004	0.186145	-0.161003	0.394891	-0.399856	-0.378635	0.055378	0.009569	0.005864	-0.430607	0.004334	0.051092	-0.034623	-0.187100	-0.071448	0.014866	0.184910	-0.004376	-0.030049	
0.331458	0.452194	-0.312195	0.507077	-0.222409	-0.268516	-0.170853	-0.113324	0.010286	0.018564	-0.001799	0.233161	0.002449	0.049790	0.003075	-0.228800	-0.139924	0.189775	-0.011753	-0.039753	-0.022143	
-0.027974	-0.037821	0.026866	-0.042068	-0.026871	-0.031786	-0.006243	0.033656	0.544253	0.603927	0.047422	0.029908	0.086671	-0.296482	0.109660	0.028071	-0.119615	0.025616	0.024650	-0.436774	-0.117218	
0.207667	0.281381	-0.186614	0.299012	0.156638	0.383776	0.408771	0.383556	0.035180	0.053739	0.006855	-0.430328	-0.012775	-0.031699	-0.029561	0.180455	0.093517	0.013314	0.184735	0.011065	-0.017469	
0.336836	0.462147	0.306681	-0.500782	0.221311	0.267114	0.170314	-0.114980	-0.007824	0.001475	0.004087	0.232307	0.000577	0.059635	0.000263	-0.231029	-0.130978	0.189227	-0.011815	-0.034299	-0.017700	
0.017220	0.023291	0.016191	-0.024870	-0.034404	-0.040689	-0.012222	-0.028952	-0.525114	0.620105	0.052418	-0.037112	0.087549	0.295167	0.110298	-0.106807	0.420517	-0.007472	0.020918	-0.107567	0.150975	
-0.210435	-0.286737	-0.182756	0.294427	0.156364	0.383250	0.407872	-0.384557	-0.033697	0.054799	0.008373	0.430744	-0.012594	0.031959	-0.029840	-0.189910	-0.060777	0.015980	0.185036	-0.015457	-0.039076	
0.000372	0.000977	0.000097	-0.000019	-0.001059	0.000087	0.000975	0.003701	0.076733	-0.004795	-0.000449	-0.006377	0.013865	-0.661038	-0.004350	-0.380448	0.456072	0.153195	-0.015878	0.324207	0.274363	
0.000001	0.000038	0.007503	-0.000941	-0.065388	-0.000079	0.058474	-0.000209	-0.004707	-0.258601	0.022928	-0.000107	0.885251	0.010084	-0.198756	-0.037486	0.143479	0.009938	0.022882	-0.280783	0.009862	
-0.000002	0.000019	0.002475	0.000049	-0.019819	0.004306	0.021124	-0.000022	-0.000219	-0.029487	0.038317	-0.000082	0.294903	-0.001246	0.843572	0.067876	-0.236213	-0.012027	0.181877	0.263192	0.187930	

step=8

-0.266099	0.190161	-0.001297	-0.000307	-0.000237	0.000051	-0.000156	-0.426019	0.034771	0.001526	-0.008487	-0.134320	0.000213	-0.012628	-0.003514	-0.514816	0.099731	0.464837	-0.115903	0.412630	-0.131482	
0.004431	-0.003157	0.004534	0.002596	-0.007158	0.004825	0.014081	0.007001	-0.001270	0.099161	-0.500243	0.002828	0.010699	0.000906	-0.225549	-0.031090	-0.382316	-0.065963	0.174366	0.370579	0.607728	
0.000528	-0.000930	-0.207662	-0.096796	0.590279	-0.219586	-0.349486	0.000214	0.000064	0.009300	-0.020230	-0.000067	0.039715	0.000075	-0.106333	0.003401	0.033275	0.389167	0.405388	-0.300366	0.090605	
-0.192033	-0.264331	0.001436	-0.001717	0.000830	0.000458	-0.000021	0.425457	-0.048688	-0.006266	0.001992	-0.132424	-0.005155	0.190105	0.005121	0.421241	-0.192242	0.531328	-0.276230	0.261253	-0.121756	
0.003095	0.004185	-0.015116	0.020991	0.043248	0.022352	-0.025631	-0.007353	-0.004590	-0.397340	0.115648	0.001838	-0.320404	-0.003605	0.310841	0.027842	0.337499	0.127485	-0.292090	-0.069839	0.636022	
0.000774	0.001728	0.137792	-0.181767	-0.581551	-0.232804	0.337429	-0.000155	-0.000600	-0.039693	0.000463	-0.000079	-0.119537	0.000131	-0.101369	0.003587	0.035071	0.389656	0.404209	-0.301479	0.090676	
0.461464	-0.334415	-0.502737	-0.309437	-0.224001	0.268983	-0.161315	0.112763	-0.025921	0.003958	0.006299	0.229767	-0.000929	-0.035555	-0.003012	-0.264052	0.064326	0.126678	-0.014219	0.137870	-0.039279	
-0.000274	-0.000184	0.000682	0.000463	0.008268	-0.013590	0.000268	-0.023295	-0.445653	0.043718	0.605207	-0.059509	0.000462	-0.412562	-0.158065	-0.085891	-0.432256	0.030688	-0.069561	-0.005994	0.183406	
-0.287547	0.207034	0.297823	0.180831	-0.163753	0.395098	-0.397678	0.379179	-0.057723	0.010431	0.006343	0.430624	0.005396	-0.051291	-0.034557	-0.186664	0.067565	0.099650	0.149147	-0.057150	0.024337	
0.457983	-0.330270	0.507276	0.310472	0.224212	-0.269401	0.161399	0.113160	-0.011117	-0.002602	0.014375	0.231461	0.000944	-0.021852	-0.002000	-0.261719	0.072138	0.124215	-0.008280	0.143478	-0.039639	
-0.015044	0.011231	-0.016279	-0.009922	0.000939	-0.004709	-0.004878	0.020003	0.452517	0.030208	0.601932	0.050689	0.000569	0.413030	-0.157140	0.053391	0.034032	-0.116322	0.284920	0.328700	0.161904	
0.285656	-0.204675	0.300821	0.181588	-0.163914	0.395240	-0.398304	-0.378437	0.058320	0.009751	0.005337	-0.430423	0.005431	0.051444	-0.034706	0.188142	-0.053051	0.124615	0.088951	-0.113986	0.027988	
0.327953	0.455000	-0.304326	0.511550	-0.223330	-0.268457	-0.169735	-0.113184	0.010376	0.019230	-0.002027	0.233145	0.002694	0.049207	0.003251	0.230520	-0.111953	0.168583	-0.115264	0.042465	-0.033149	
-0.028798	-0.039604	0.027300	-0.044157	-0.028394	-0.033232	-0.006231	0.036323	0.545561	0.603795	0.045043	0.032028	0.091813	-0.290694	0.106887	-0.054150	-0.046615	0.133940	-0.318527	-0.241063	0.198508	
0.205361	0.282939	-0.181901	0.301584	0.159278	0.383203	0.407956	0.383982	0.036692	0.056214	0.006915	-0.430137	-0.012536	-0.031115	-0.030186	-0.185037	0.080796	0.103293	0.140362	-0.065445	0.024870	
0.333084	0.464637	0.299202	-0.505583	0.222189	0.267028	0.169213	-0.114883	-0.007841	0.000810	0.004210	0.232191	0.000513	0.058878	0.000153	0.232820	-0.104230	0.166148	-0.109392	0.048009	-0.033506	
0.018147	0.024971	0.016872	-0.026777	-0.035981	-0.042175	-0.012186	-0.031597	-0.527507	0.619236	0.049898	-0.039165	0.092684	0.289382	0.107460	0.084819	0.419008	-0.012863	0.035454	0.093158	0.177036	
-0.207962	-0.288070	-0.178277	0.297164	0.159025	0.382734	0.407105	-0.384904	-0.035258	0.057238	0.008373	0.430520	-0.012339	0.031367	-0.030336	0.189275	-0.039589	0.128235	0.080220	-0.122230	0.028518	
0.000353	0.000980	0.000103	-0.000020	-0.001116	0.000090	0.001050	0.004084	0.082524	-0.005043	-0.000445	-0.006132	0.013831	-0.663082	-0.003935	0.385320	0.398939	0.007415	0.273356	0.409393	-0.056723	
-0.000000	0.000039	0.007937	-0.000998	-0.069367	-0.000074	0.062884	-0.000220	-0.004695	-0.268056	0.025008	-0.000142	0.883145	0.010155	-0.193452	0.013040	0.180477	0.063802	-0.149407	-0.081383	0.188249	
-0.000002	0.000020	0.002632	0.000049	-0.020751	0.004753	0.022525	-0.000025	-0.000180	-0.028761	0.041239	-0.000081	0.289481	-0.001116	0.846488	-0.029830	-0.291557	0.030870	0.314995	0.099440	0.014277	

step=9

-0.269894	0.184785	-0.001296	-0.000292	-0.000216	0.000063	-0.000127	-0.425695	0.037161	0.001550	-0.008551	-0.134349	0.000246	-0.012851	-0.003581	0.302530	0.406259	0.480364	0.425653	-0.153312	0.010232	
0.004511	-0.003079	0.004591	0.002435	-0.006685	0.004758	0.014360	0.007043	-0.001415	0.096436	-0.501104	0.002822	0.013264	0.000632	-0.222686	0.427326	-0.257494	0.126808	-0.006790	0.512569	-0.402089	
0.000563	-0.000896	-0.210578	-0.089375	0.587794	-0.219348	-0.353429	0.000215	0.000064	0.008408	-0.020613	-0.000063	0.045030	-0.000032	-0.106159	-0.037784	0.021952	-0.121707	0.265571	0.371232	0.436216	
-0.186658	-0.268181	0.001248	-0.001576	0.000838	0.000452	-0.000069	0.425050	-0.052140	-0.006258	0.002058	-0.132389	-0.005185	0.191327	0.005013	-0.283520	-0.294777	0.681885	0.105284	0.007779	0.110584	
0.003038	0.004289	-0.015034	0.022497	0.044891	0.023220	-0.026932	-0.007396	-0.003882	-0.392537	0.117348	0.001838	-0.325241	-0.003119	0.309213	-0.375321	0.225319	-0.022030	0.229826	0.393591	-0.476207	
0.000677	0.001609	0.130652	-0.186419	-0.578709	-0.233059	0.340599	-0.000172	-0.000560	-0.040568	0.000207	-0.000070	-0.124360	0.000064	-0.101839	-0.038810	0.022546	-0.121890	0.265863	0.371085	0.436125	
0.468164	-0.325033	-0.513643	-0.291089	-0.224847	0.269088	-0.159724	0.112572	-0.027188	0.004072	0.006105	0.229630	-0.000973	-0.035942	-0.003110	0.159438	0.203744	0.114652	0.162399	-0.064062	-0.009265	
-0.000286	-0.000193	0.000721	0.000444	0.008297	-0.013579	-0.000363	-0.024145	-0.441881	0.044397	0.604563	-0.062170	0.000529	-0.415449	-0.158697	0.182403	0.006772	0.208328	-0.274736	0.285700	-0.031085	
-0.291637	0.201139	0.304161	0.169951	-0.166613	0.395382	-0.396188	0.378832	-0.060864	0.010428	0.005835	0.430497	0.006440	-0.051830	-0.034712	0.106317	0.146904	-0.075426	0.140800	0.075485	0.106421	
0.464557	-0.320991	0.518173	0.292071	0.225057	-0.269496	0.159785	0.113007	-0.012433	-0.002718	0.014621	0.231423	0.000973	-0.022090	-0.002013	0.160774	0.199019	0.109498	0.170591	-0.068182	-0.011831	
